10000,3094
0,1073
0,4543
3,6054
9,2754
13,1128
14,3326
14,8284
15,4388
15,6294
16,6762
23,6097
24,3435
26,6114
40,2545
41,57
50,6547
51,6336
54,7869
55,3751
55,7772
56,5740
56,6875
57,41
57,6190
65,6632
73,1161
77,4974
77,5287
78,5668
79,7824
80,5732
97,1292
103,6705
106,3010
106,5490
108,2820
113,1013
114,6037
114,6162
116,2126
120,823
120,9696
122,6397
130,8757
153,2223
156,8457
163,8688
164,1288
165,2564
191,3871
192,4785
195,1290
196,4587
196,5662
197,7841
201,9129
205,8321
206,2968
207,1527
215,1902
215,6487
220,593
220,3259
221,410
222,3378
222,7921
223,9710
224,2858
227,7109
228,8421
232,5237
236,8798
255,491
265,8037
268,7405
272,8492
274,7523
277,9026
280,4891
283,1098
284,5282
294,7947
296,4526
304,8251
317,1491
329,3169
330,9376
333,5132
333,8332
334,8808
337,8128
338,1203
346,9645
348,5161
349,6353
350,4801
353,9587
357,8793
367,6021
369,2821
370,2568
374,4760
375,8043
376,3173
380,2811
381,1056
389,1428
391,6323
392,1345
392,6410
395,5675
398,1591
405,833
408,9153
409,3938
410,221
410,4212
410,5493
412,7458
412,8505
419,4906
422,1384
423,5437
433,7087
435,9236
439,557
439,9825
441,3004
441,9001
445,5581
446,2427
446,9892
447,1199
456,1056
458,7459
460,8197
461,6546
465,3883
482,3463
489,8229
489,9810
490,9280
491,255
491,2082
494,6987
497,596
501,8797
507,4994
511,5959
512,2390
514,9946
515,7960
523,1870
523,2189
525,9372
529,836
532,2552
533,9274
535,3063
537,4275
537,5938
538,543
543,538
543,2600
545,7107
546,8165
557,439
557,4432
567,5790
569,7589
572,2913
574,9209
575,2352
580,5993
587,1019
587,7598
590,5312
593,220
596,497
607,6766
607,9643
609,3359
611,9732
613,9834
615,2763
620,6536
620,7540
621,3983
622,1008
625,7088
627,4709
631,6331
631,8807
642,1046
642,5244
644,870
647,1288
648,2494
650,4668
652,4449
653,8510
657,718
657,9551
663,6739
667,1848
677,9864
681,6151
682,6060
682,8525
685,3021
694,5816
696,5068
697,4456
706,2181
708,7867
716,6301
717,2977
717,8165
718,657
719,6920
720,4155
722,4298
726,8052
729,7647
729,9519
732,8823
734,5004
737,1782
742,9434
749,5438
749,7532
750,9079
751,7831
752,1419
756,8550
762,1338
763,7903
774,8732
775,1485
775,5067
778,9855
789,9451
791,6866
797,3106
799,1397
803,4045
809,4968
809,6147
811,3723
811,8646
814,3797
822,3924
823,120
823,7379
828,3868
830,2284
833,405
836,529
843,3952
845,8473
847,1544
847,2284
859,8956
859,9492
860,3072
862,6893
863,4125
864,7250
869,5010
870,644
881,6733
890,2890
890,5180
891,6432
892,6913
892,8820
894,7693
895,5646
896,937
899,4204
911,1198
921,4961
924,4625
933,3590
935,1549
935,1589
937,896
937,4699
955,7517
961,4853
962,2275
962,8705
963,8756
971,3567
977,6634
979,9075
980,1392
982,8278
990,7890
991,9942
994,6801
996,4156
996,8246
996,9786
1003,8749
1005,7873
1008,622
1008,8697
1013,113
1015,6408
1016,5721
1017,8565
1018,3606
1019,587
1022,9322
1029,5911
1033,6346
1035,4235
1037,1328
1040,6705
1046,642
1048,9448
1056,381
1056,456
1060,3123
1062,5968
1066,9225
1073,0
1073,6964
1076,5202
1087,9000
1088,9993
1090,2837
1098,283
1101,1389
1103,4374
1107,3116
1112,8761
1115,2561
1121,1345
1128,13
1135,2214
1136,4087
1145,5633
1145,8886
1148,1486
1149,2673
1154,7987
1155,1795
1155,8592
1156,5176
1158,7393
1159,7250
1161,73
1161,7371
1166,8652
1172,3630
1176,2167
1176,8484
1179,7483
1182,4720
1187,6171
1190,6969
1191,3916
1195,2882
1198,911
1199,447
1203,338
1204,8023
1209,8781
1210,8085
1224,5936
1224,7966
1228,8587
1242,8896
1245,6980
1251,9650
1254,2139
1257,2534
1260,4479
1260,4519
1269,3716
1278,6212
1278,7818
1279,6293
1284,7114
1287,7491
1288,164
1288,647
1289,3327
1290,195
1291,7132
1292,97
1305,4824
1307,2133
1307,8040
1308,4320
1312,7353
1319,8868
1323,1501
1323,8533
1326,1563
1328,1037
1336,3017
1337,4285
1338,762
1338,1912
1343,8102
1345,392
1345,1121
1347,7303
1354,3158
1355,8092
1359,3783
1361,1448
1362,7218
1363,8012
1366,2607
1369,7969
1373,5784
1374,1715
1377,5430
1378,1512
1384,422
1387,4780
1389,1101
1389,3125
1390,4232
1390,7863
1392,980
1397,799
1398,3703
1403,2114
1404,1973
1406,2330
1406,9361
1411,2263
1416,6573
1419,752
1419,4108
1421,4206
1423,3134
1423,8624
1425,2416
1428,389
1433,4315
1436,2957
1437,4289
1448,1361
1457,9955
1463,8658
1472,2197
1474,7172
1476,7065
1482,4408
1482,9467
1485,775
1486,1148
1491,317
1494,9068
1497,9519
1497,9849
1501,1323
1502,7634
1503,4517
1503,5746
1512,1378
1519,8819
1520,6426
1522,3520
1523,6655
1527,207
1528,1569
1528,3638
1528,6729
1529,7370
1535,2073
1535,3359
1536,2311
1536,4731
1537,3214
1538,6843
1543,6657
1543,7071
1544,847
1549,935
1550,4241
1557,4554
1560,7349
1563,1326
1568,8429
1569,1528
1569,8878
1589,935
1590,5745
1590,8876
1591,398
1591,2668
1591,5166
1594,6868
1597,2148
1597,9554
1601,3948
1602,1700
1604,4825
1607,2419
1609,9201
1610,9089
1616,7250
1619,9938
1620,9958
1631,2098
1638,7145
1639,3863
1640,3039
1640,4421
1653,9557
1657,5456
1660,8267
1661,3147
1661,9794
1673,8727
1674,5258
1676,8571
1686,2056
1687,7067
1689,8441
1690,6464
1697,8447
1700,1602
1700,6659
1700,9513
1703,2660
1706,6229
1708,3642
1708,7364
1713,6528
1715,1374
1726,4064
1727,7913
1729,2649
1730,4280
1731,2960
1732,5222
1732,9338
1733,2060
1738,4762
1743,2048
1743,5253
1755,1876
1757,3234
1760,5805
1765,4272
1766,2636
1767,5797
1768,3878
1769,9578
1772,4871
1772,8849
1774,2262
1782,737
1785,7219
1787,2588
1790,3625
1794,4924
1794,5180
1795,1155
1798,7143
1799,5205
1799,6212
1802,2804
1807,6953
1810,6065
1811,7237
1822,5313
1824,6290
1826,8083
1836,2625
1836,8492
1848,667
1849,5386
1850,2750
1853,8052
1854,5281
1859,9505
1864,2290
1870,523
1870,5630
1871,7098
1875,3221
1876,1755
1884,4700
1888,6260
1889,4083
1890,3727
1896,8418
1898,2957
1898,9351
1902,215
1910,7781
1912,1338
1924,2696
1936,2592
1950,7285
1951,3002
1962,7322
1964,4399
1965,5301
1968,7674
1969,7140
1971,8856
1973,1404
1984,6182
1987,4519
1991,4334
1994,2348
1997,8622
1999,9434
2000,2864
2006,2731
2024,8515
2037,6587
2046,3107
2047,8598
2048,1743
2050,5445
2053,3869
2056,1686
2058,2723
2059,8409
2059,9721
2060,1733
2062,6036
2064,6711
2065,2352
2065,5462
2070,8066
2072,8402
2072,9042
2073,1535
2075,3557
2077,5401
2082,491
2087,6925
2088,4078
2093,3205
2095,5366
2097,7860
2098,1631
2102,4277
2102,7141
2103,2225
2104,2240
2105,4875
2112,5115
2114,1403
2117,5773
2123,5019
2126,116
2127,5904
2128,4189
2129,2282
2133,1307
2135,8704
2135,9390
2139,1254
2148,1597
2148,6242
2150,9368
2151,3786
2154,3732
2156,4577
2158,7655
2164,6518
2167,1176
2167,5460
2173,6758
2180,7488
2181,706
2182,9723
2183,6364
2188,9008
2189,523
2192,7498
2195,2884
2197,1472
2198,5881
2199,6320
2201,6921
2201,7006
2208,3740
2211,6916
2214,1135
2214,6793
2223,153
2225,2103
2226,2269
2227,6675
2231,7509
2233,7459
2240,2104
2240,3548
2243,9931
2251,7694
2252,6463
2262,1774
2263,1411
2267,6162
2269,2226
2269,4625
2275,962
2281,7013
2282,2129
2284,830
2284,847
2285,3761
2286,7464
2289,2969
2290,1864
2291,8590
2295,3470
2298,2455
2298,4233
2302,6911
2306,3939
2307,5700
2309,8015
2311,1536
2315,4609
2316,7930
2319,4392
2329,5110
2329,8380
2330,1406
2330,4337
2331,5691
2337,6474
2338,9759
2348,1994
2349,4611
2352,575
2352,2065
2366,8684
2370,4536
2371,4020
2373,5923
2374,3063
2374,5338
2375,9213
2377,9358
2380,6412
2385,8640
2387,4073
2390,512
2390,3310
2390,4897
2407,9941
2416,1425
2419,1607
2425,9783
2426,2904
2426,4356
2427,446
2427,6383
2427,9686
2432,5375
2444,4364
2447,7568
2447,9616
2448,2966
2450,5129
2453,6984
2455,2298
2455,3056
2461,7364
2467,5328
2472,3068
2485,3786
2486,8668
2490,7263
2491,4008
2493,6853
2494,648
2496,3998
2496,8253
2500,7435
2501,7085
2507,9022
2512,2611
2517,5754
2524,4144
2524,4148
2534,1257
2534,7346
2536,4305
2536,7208
2538,8980
2540,5417
2545,40
2550,2578
2552,532
2561,1115
2563,5237
2563,7755
2564,165
2565,7480
2566,6629
2568,370
2578,2550
2580,5531
2585,4444
2588,1787
2589,5152
2590,4393
2592,1936
2594,8509
2596,7655
2600,543
2601,7454
2607,1366
2610,4871
2611,2512
2611,6037
2614,7625
2616,7318
2625,1836
2625,3553
2636,1766
2649,1729
2651,6059
2654,2930
2655,3279
2656,7863
2659,8248
2660,1703
2660,8674
2668,1591
2672,4964
2673,1149
2679,8709
2681,6198
2684,7650
2685,9247
2687,5239
2688,4621
2696,1924
2700,4721
2702,7982
2709,7074
2712,7272
2714,8334
2719,7437
2723,2058
2725,5779
2727,7320
2727,8443
2729,5768
2729,7562
2731,2006
2731,7358
2734,6897
2738,9110
2744,5420
2744,9612
2745,6191
2750,1850
2754,9
2754,8955
2757,7755
2759,7426
2763,615
2772,3226
2774,7719
2786,9365
2791,9409
2796,5794
2804,1802
2811,380
2811,3261
2814,7158
2820,108
2821,369
2821,6569
2821,7712
2824,5983
2829,9321
2837,1090
2841,8793
2842,8323
2844,3336
2846,2884
2850,6938
2850,8097
2857,9668
2858,224
2860,4709
2864,2000
2870,7226
2875,5608
2882,1195
2883,8270
2884,2195
2884,2846
2884,5995
2887,3682
2890,890
2890,7180
2892,4708
2895,4507
2897,7935
2898,6450
2901,3373
2903,4669
2904,2426
2908,7970
2913,572
2917,5628
2917,8200
2921,9132
2923,7189
2925,9807
2930,2654
2945,3902
2947,8363
2949,9688
2957,1436
2957,1898
2959,5722
2960,1731
2966,2448
2967,9470
2968,206
2969,2289
2974,3664
2977,717
2981,9376
2994,9617
3002,1951
3004,441
3006,7042
3007,3025
3010,106
3010,9388
3016,7989
3017,1336
3021,685
3025,3007
3029,4456
3037,3459
3039,1640
3039,6770
3040,4887
3040,7050
3049,5436
3049,6517
3049,9054
3050,4741
3056,2455
3057,8832
3063,535
3063,2374
3063,5846
3064,9881
3066,3354
3066,7292
3068,2472
3068,6040
3070,6573
3072,860
3072,5706
3072,6011
3077,3616
3085,9776
3088,3646
3090,5196
3098,3244
3106,797
3106,8474
3107,2046
3108,4339
3108,5702
3111,4037
3114,9254
3114,9525
3116,1107
3120,7684
3123,1060
3125,1389
3130,8973
3131,8014
3132,8192
3134,1423
3136,6203
3139,6588
3144,9922
3147,1661
3147,3448
3156,3338
3156,7004
3158,1354
3160,5919
3169,329
3169,8281
3171,3962
3172,9733
3173,376
3179,6273
3192,7901
3200,8827
3202,5048
3205,2093
3206,4323
3207,3920
3214,1537
3221,1875
3223,5163
3226,2772
3226,7364
3231,4062
3234,1757
3236,8715
3237,9084
3240,6236
3240,6834
3241,7800
3244,3098
3247,5876
3249,9794
3250,4996
3251,5336
3254,8438
3258,8908
3259,220
3261,2811
3264,4194
3272,5683
3274,9284
3276,3959
3279,2655
3294,4231
3297,7546
3304,8732
3310,2390
3310,5625
3315,7445
3315,9681
3321,7307
3322,4713
3326,14
3327,1289
3333,6596
3336,2844
3338,3156
3340,5016
3351,6417
3354,3066
3359,609
3359,1535
3373,2901
3373,7413
3378,222
3379,6172
3383,9868
3391,5836
3391,8196
3395,6003
3400,7948
3401,6211
3417,8502
3419,6059
3423,5001
3426,9126
3428,5158
3428,6727
3434,8022
3435,24
3437,8194
3444,5173
3444,7780
3448,3147
3448,6638
3452,5410
3453,3696
3456,7294
3459,3037
3461,7523
3461,9321
3461,9549
3463,482
3463,4236
3463,9424
3464,3545
3470,2295
3471,4176
3471,9255
3480,9838
3485,7877
3486,5497
3490,5083
3490,7462
3491,4562
3496,8883
3510,9853
3519,3653
3519,4078
3520,1522
3522,6467
3523,7036
3525,3607
3531,8083
3532,7249
3537,8515
3538,9704
3541,3843
3541,9153
3542,3578
3542,7768
3545,3464
3546,6609
3548,2240
3553,2625
3556,9360
3557,2075
3562,9052
3567,971
3568,3574
3570,8254
3572,9205
3572,9540
3574,3568
3578,3542
3578,8366
3590,933
3600,7088
3601,6067
3602,6925
3605,9434
3606,1018
3606,5925
3607,3525
3607,6895
3611,3868
3611,8616
3616,3077
3620,4612
3625,1790
3625,8622
3630,1172
3634,7802
3638,1528
3639,6265
3642,1708
3646,3088
3649,6173
3653,3519
3658,5398
3661,4002
3664,2974
3673,9051
3677,6712
3682,2887
3696,3453
3696,9572
3700,8908
3703,1398
3709,8151
3716,1269
3720,8851
3722,5977
3723,811
3727,1890
3732,2154
3732,9814
3733,7235
3734,9833
3740,2208
3740,9373
3751,55
3758,6920
3761,2285
3761,4678
3765,9128
3768,6027
3776,7487
3777,6171
3783,1359
3786,2151
3786,2485
3788,4090
3794,6949
3794,8572
3797,814
3797,5429
3812,5439
3814,5983
3822,9757
3836,5352
3836,6658
3840,6593
3841,4235
3843,3541
3845,4612
3848,5502
3859,8651
3860,8996
3863,1639
3865,6997
3868,828
3868,3611
3869,2053
3871,191
3871,8508
3876,7836
3876,9656
3877,3906
3878,1768
3881,8775
3882,5760
3883,465
3890,6070
3893,9593
3899,4430
3900,8005
3901,7431
3902,2945
3903,6340
3904,5192
3904,5656
3906,3877
3910,9404
3916,1191
3918,6888
3919,5983
3920,3207
3920,6578
3924,822
3924,5947
3924,7309
3926,5394
3936,9819
3937,8005
3938,409
3939,2306
3940,5075
3948,1601
3952,843
3958,6903
3959,3276
3962,3171
3964,9195
3965,7728
3970,4056
3970,8305
3973,9348
3975,4911
3978,5942
3978,7849
3982,4456
3983,621
3988,5702
3995,9158
3998,2496
3999,9678
4002,3661
4002,5421
4008,2491
4016,8476
4020,2371
4021,5365
4023,6327
4030,5143
4032,6292
4035,6378
4037,3111
4038,5329
4040,9220
4045,803
4056,3970
4057,9420
4058,5774
4062,3231
4064,1726
4073,2387
4074,5362
4077,8368
4078,2088
4078,3519
4081,8269
4082,7416
4083,1889
4087,1136
4090,3788
4091,6001
4095,9062
4099,6538
4107,5133
4108,1419
4110,5371
4111,5081
4118,8341
4125,863
4126,7292
4128,6266
4129,9967
4132,9810
4136,5953
4144,2524
4148,2524
4155,720
4155,6524
4156,996
4159,7562
4159,8834
4164,5449
4176,3471
4189,2128
4191,9808
4194,3264
4195,5240
4202,5117
4204,899
4205,9401
4206,1421
4207,9201
4210,5263
4212,410
4225,8189
4231,3294
4231,6398
4232,1390
4233,2298
4235,1035
4235,3841
4236,3463
4241,1550
4247,5102
4254,5576
4257,6462
4262,5909
4272,1765
4275,537
4277,2102
4280,1730
4280,8465
4285,1337
4287,6034
4289,1437
4295,8747
4298,722
4302,9167
4303,8421
4305,2536
4307,8724
4315,1433
4315,8122
4317,5247
4318,5723
4318,8220
4320,1308
4323,3206
4324,7247
4330,8468
4330,9806
4332,7424
4332,9553
4334,1991
4335,4849
4336,9107
4337,2330
4339,3108
4343,6897
4349,9821
4356,2426
4359,8945
4364,2444
4374,1103
4388,15
4388,7751
4391,7485
4392,2319
4393,2590
4394,6680
4399,1964
4406,8986
4408,1482
4410,8421
4415,5413
4421,1640
4430,3899
4432,557
4436,5860
4440,4503
4441,5905
4443,5562
4444,2585
4449,652
4455,7514
4456,697
4456,3029
4456,3982
4476,6973
4476,7434
4479,1260
4479,8282
4494,7068
4500,8670
4502,6941
4503,4440
4506,8682
4507,2895
4517,1503
4519,1260
4519,1987
4524,5156
4526,296
4536,2370
4539,8040
4539,8289
4543,0
4543,5907
4549,5248
4554,1557
4562,3491
4577,2156
4578,7618
4580,5235
4587,196
4602,7673
4605,7378
4607,6840
4609,2315
4611,2349
4611,6607
4612,3620
4612,3845
4616,5009
4617,7792
4621,2688
4625,924
4625,2269
4627,8283
4630,8370
4636,7699
4637,9857
4642,5343
4642,9846
4648,8285
4650,6194
4653,5505
4653,6513
4653,7080
4656,7687
4662,6129
4663,6958
4667,4817
4668,650
4669,2903
4670,7143
4672,7538
4678,3761
4683,8916
4685,4748
4685,5734
4691,8176
4695,7762
4699,937
4700,1884
4701,9917
4707,8740
4707,9405
4708,2892
4709,627
4709,2860
4709,7405
4713,3322
4715,8759
4720,1182
4720,9131
4721,2700
4722,9336
4723,7934
4725,7716
4731,1536
4733,7355
4740,7819
4741,3050
4741,5299
4742,6527
4744,5176
4748,4685
4749,9396
4754,5827
4760,374
4762,1738
4768,7604
4772,8434
4780,1387
4785,192
4788,9127
4795,5165
4796,7790
4801,350
4812,5384
4815,9000
4817,4667
4824,1305
4824,8472
4824,9120
4825,1604
4826,6388
4828,7845
4830,9082
4843,7751
4847,5504
4849,4335
4853,961
4858,5089
4858,7667
4860,6299
4861,4927
4867,7337
4871,1772
4871,2610
4871,7374
4875,2105
4883,6470
4887,3040
4891,280
4897,2390
4897,9948
4906,419
4911,3975
4911,6866
4924,1794
4927,4861
4937,6089
4949,4964
4951,6362
4958,8945
4961,921
4964,2672
4964,4949
4968,809
4974,77
4979,6228
4984,7626
4989,9755
4994,507
4996,3250
5001,3423
5004,734
5005,6280
5009,4616
5009,7125
5010,869
5011,8068
5016,3340
5018,6974
5019,2123
5019,9508
5022,7235
5024,6824
5026,5649
5034,7654
5035,6373
5035,6652
5037,6114
5039,7158
5048,3202
5067,775
5068,696
5072,9780
5075,3940
5079,9267
5081,4111
5083,3490
5083,9692
5087,8140
5089,4858
5093,8291
5093,8408
5094,9930
5102,4247
5110,2329
5115,2112
5115,5865
5116,7896
5117,4202
5126,5878
5129,2450
5132,333
5133,4107
5141,7794
5142,7090
5143,4030
5148,7346
5152,2589
5152,6056
5156,4524
5158,3428
5161,348
5163,3223
5165,4795
5166,1591
5167,5450
5173,3444
5176,1156
5176,4744
5180,890
5180,1794
5192,3904
5194,6417
5196,3090
5202,1076
5205,1799
5208,7998
5209,9638
5222,1732
5224,8895
5235,4580
5237,232
5237,2563
5239,2687
5240,4195
5244,642
5247,4317
5247,8616
5248,4549
5253,1743
5253,9728
5258,1674
5263,4210
5263,9346
5264,9274
5274,5478
5274,6713
5281,1854
5282,284
5286,8720
5287,77
5294,5867
5299,4741
5301,1965
5312,590
5313,1822
5328,2467
5329,4038
5336,3251
5338,2374
5343,4642
5344,6526
5346,9986
5352,3836
5352,8573
5360,6294
5361,9469
5362,4074
5365,4021
5366,2095
5370,8585
5371,4110
5374,9243
5375,2432
5384,4812
5385,6994
5386,1849
5394,3926
5398,3658
5401,2077
5410,3452
5413,4415
5417,2540
5417,6469
5420,2744
5421,4002
5423,5789
5424,6943
5429,3797
5430,1377
5436,3049
5437,423
5438,749
5439,3812
5439,6021
5445,2050
5446,8761
5449,4164
5450,5167
5456,1657
5460,2167
5462,2065
5467,7617
5478,5274
5490,106
5493,410
5497,3486
5502,3848
5504,4847
5505,4653
5509,8935
5512,7039
5526,7139
5527,9212
5531,2580
5534,6496
5549,9565
5553,6490
5557,8305
5559,6799
5560,7902
5562,4443
5568,8176
5570,7894
5571,9657
5576,4254
5577,5772
5579,9035
5581,445
5583,7828
5600,5995
5601,8670
5603,8569
5608,2875
5611,6226
5623,7917
5625,3310
5627,9480
5628,2917
5630,1870
5633,1145
5640,7985
5640,9377
5646,895
5649,5026
5656,3904
5662,196
5668,78
5675,395
5677,7891
5679,8387
5683,3272
5691,2331
5694,8415
5700,2307
5702,3108
5702,3988
5702,6554
5703,8429
5704,9211
5706,3072
5714,6467
5718,7574
5721,1016
5722,2959
5723,4318
5729,7838
5732,80
5732,6954
5734,4685
5740,56
5745,1590
5746,1503
5750,7043
5754,2517
5759,7650
5760,3882
5760,8062
5767,8644
5768,2729
5769,7764
5771,5943
5772,5577
5773,2117
5774,4058
5779,2725
5782,9070
5784,1373
5788,7202
5789,5423
5789,9803
5790,567
5793,7661
5794,2796
5794,7328
5797,1767
5800,7713
5804,8099
5805,1760
5805,7364
5816,694
5817,8242
5827,4754
5829,9065
5836,3391
5836,8394
5846,3063
5848,6884
5848,7805
5856,6546
5858,6619
5860,4436
5865,5115
5867,5294
5870,6570
5872,5920
5874,5900
5876,3247
5878,5126
5879,7930
5881,2198
5886,8398
5900,5874
5903,9451
5904,2127
5905,4441
5907,4543
5909,4262
5911,1029
5911,7779
5914,7580
5919,3160
5920,5872
5923,2373
5923,6781
5925,3606
5929,6839
5936,1224
5938,537
5939,7120
5942,3978
5943,5771
5947,3924
5947,7677
5953,4136
5953,9765
5959,511
5960,8349
5967,5984
5968,1062
5977,3722
5979,8581
5983,2824
5983,3814
5983,3919
5984,5967
5988,7181
5989,8214
5989,8764
5989,9027
5993,580
5995,2884
5995,5600
6000,8052
6001,4091
6001,9710
6003,3395
6004,7816
6008,6269
6011,3072
6021,367
6021,5439
6024,6234
6027,3768
6030,9345
6033,9212
6034,4287
6035,8670
6036,2062
6037,114
6037,2611
6040,3068
6046,7492
6052,9466
6054,3
6056,5152
6059,2651
6059,3419
6060,682
6061,6261
6065,1810
6067,3601
6070,3890
6071,6091
6074,6741
6089,4937
6091,6071
6097,23
6097,7189
6107,8680
6114,26
6114,5037
6118,7456
6120,8655
6123,6671
6128,8871
6129,4662
6147,809
6151,681
6156,9271
6160,8297
6162,114
6162,2267
6169,8874
6169,9712
6171,1187
6171,3777
6171,6933
6172,3379
6173,3649
6173,9805
6182,1984
6183,8256
6188,6754
6190,57
6191,2745
6194,4650
6196,9871
6198,2681
6203,3136
6207,6886
6211,3401
6212,1278
6212,1799
6226,5611
6228,4979
6229,1706
6234,6024
6236,3240
6239,7687
6242,2148
6246,9679
6249,7509
6252,7482
6260,1888
6261,6061
6265,3639
6265,9567
6266,4128
6269,6008
6271,7869
6273,3179
6278,7370
6280,5005
6290,1824
6290,6797
6292,4032
6293,1279
6294,15
6294,5360
6299,4860
6301,716
6303,7512
6309,9021
6320,2199
6321,6497
6323,391
6326,7261
6327,4023
6331,631
6332,9128
6336,51
6340,3903
6346,1033
6346,9774
6348,7129
6353,349
6355,9290
6357,6811
6362,4951
6364,2183
6367,7623
6368,9134
6373,5035
6378,4035
6381,7525
6383,2427
6388,4826
6397,122
6398,4231
6399,8992
6408,1015
6410,392
6412,2380
6417,3351
6417,5194
6419,8316
6426,1520
6427,7162
6432,891
6433,7491
6439,7012
6448,9252
6449,8398
6450,2898
6461,7347
6461,9431
6462,4257
6463,2252
6464,1690
6467,3522
6467,5714
6469,5417
6469,8149
6470,4883
6471,9693
6474,2337
6486,7749
6487,215
6487,9366
6490,5553
6490,9182
6496,5534
6497,6321
6502,8009
6513,4653
6513,6639
6515,9844
6517,3049
6518,2164
6518,7176
6524,4155
6526,5344
6527,4742
6528,1713
6533,8420
6536,620
6538,4099
6542,9029
6546,461
6546,5856
6547,50
6547,8462
6550,7836
6554,5702
6557,9683
6569,2821
6570,5870
6573,1416
6573,3070
6578,3920
6586,8698
6587,2037
6588,3139
6589,8582
6593,3840
6596,3333
6598,7594
6599,8968
6607,4611
6609,3546
6619,5858
6629,2566
6629,8108
6632,65
6634,977
6638,3448
6639,6513
6642,7239
6652,5035
6655,1523
6657,1543
6658,3836
6659,1700
6659,8136
6671,6123
6673,6974
6675,2227
6675,7376
6680,4394
6682,6733
6691,9374
6697,9858
6705,103
6705,1040
6711,2064
6712,3677
6713,5274
6727,3428
6729,1528
6730,8960
6733,881
6733,6682
6734,8402
6738,8138
6739,663
6741,6074
6754,6188
6758,2173
6760,7825
6761,8471
6762,16
6766,607
6770,3039
6770,7676
6775,8201
6780,7989
6781,5923
6786,8009
6793,2214
6795,7060
6797,6290
6797,6901
6799,5559
6801,994
6810,8500
6811,6357
6816,9959
6824,5024
6830,7296
6834,3240
6837,8939
6839,5929
6840,4607
6843,1538
6853,2493
6857,8104
6866,791
6866,4911
6868,1594
6875,56
6884,5848
6886,6207
6888,3918
6893,862
6895,3607
6897,2734
6897,4343
6901,6797
6902,8252
6902,9463
6903,3958
6903,9791
6908,8615
6911,2302
6913,892
6916,2211
6920,719
6920,3758
6921,2201
6925,2087
6925,3602
6933,6171
6938,2850
6941,4502
6943,5424
6948,7475
6949,3794
6953,1807
6954,5732
6958,4663
6958,8602
6964,1073
6965,8209
6969,1190
6971,8369
6973,4476
6974,5018
6974,6673
6976,8116
6978,8125
6978,9261
6980,1245
6980,7421
6984,2453
6987,494
6994,5385
6997,3865
7004,3156
7006,2201
7012,6439
7013,2281
7036,3523
7039,5512
7042,3006
7043,5750
7043,9470
7049,9355
7050,3040
7060,6795
7065,1476
7067,1687
7068,4494
7071,1543
7074,2709
7080,4653
7085,2501
7085,9770
7087,433
7087,9139
7088,625
7088,3600
7090,5142
7094,9110
7095,8848
7098,1871
7107,545
7109,227
7114,1284
7120,5939
7123,7492
7125,5009
7129,6348
7132,1291
7139,5526
7140,1969
7141,2102
7143,1798
7143,4670
7145,1638
7158,2814
7158,5039
7162,6427
7172,1474
7173,8544
7176,6518
7180,2890
7181,5988
7183,8537
7189,2923
7189,6097
7190,8865
7194,9832
7202,5788
7202,7907
7208,2536
7218,1362
7219,1785
7226,2870
7230,9382
7235,3733
7235,5022
7237,1811
7238,8426
7239,6642
7247,4324
7249,3532
7250,864
7250,1159
7250,1616
7261,6326
7261,7981
7263,2490
7263,9510
7268,8994
7272,2712
7274,7360
7285,1950
7288,8753
7290,9976
7292,3066
7292,4126
7294,3456
7296,6830
7303,1347
7307,3321
7309,3924
7313,8159
7318,2616
7320,2727
7322,1962
7328,5794
7337,4867
7337,8594
7339,8723
7346,2534
7346,5148
7347,6461
7349,1560
7353,1312
7355,4733
7358,2731
7360,7274
7364,1708
7364,2461
7364,3226
7364,5805
7369,9496
7370,1529
7370,6278
7371,1161
7374,4871
7376,6675
7377,7583
7378,4605
7379,823
7390,8370
7393,1158
7395,8924
7405,268
7405,4709
7413,3373
7416,4082
7421,6980
7424,4332
7426,2759
7431,3901
7433,9689
7434,4476
7435,2500
7437,2719
7438,7484
7445,3315
7449,8411
7454,2601
7456,6118
7458,412
7459,458
7459,2233
7461,7999
7461,8120
7462,3490
7464,2286
7475,6948
7479,8998
7480,2565
7482,6252
7483,1179
7483,9786
7484,7438
7485,4391
7487,3776
7488,2180
7490,7541
7491,1287
7491,6433
7492,6046
7492,7123
7498,2192
7509,2231
7509,6249
7512,6303
7514,4455
7517,955
7518,9431
7520,8635
7520,9727
7523,274
7523,3461
7525,6381
7528,8582
7532,749
7535,8453
7538,4672
7540,620
7541,7490
7546,3297
7562,2729
7562,4159
7568,2447
7574,5718
7574,9965
7580,5914
7583,7377
7589,569
7594,6598
7598,587
7604,4768
7607,8003
7611,9042
7616,7672
7617,5467
7618,4578
7620,9342
7623,6367
7625,2614
7626,4984
7634,1502
7647,729
7650,2684
7650,5759
7654,5034
7655,2158
7655,2596
7657,9533
7661,5793
7661,8307
7667,4858
7672,7616
7673,4602
7674,1968
7676,6770
7677,5947
7678,9097
7684,3120
7686,7764
7687,4656
7687,6239
7693,894
7694,2251
7695,8020
7699,4636
7708,8401
7712,2821
7713,5800
7716,4725
7719,2774
7722,7829
7728,3965
7730,8595
7734,8229
7747,8443
7749,6486
7751,4388
7751,4843
7755,2563
7755,2757
7755,7784
7755,9681
7757,8999
7762,4695
7764,5769
7764,7686
7765,9712
7768,3542
7772,55
7779,5911
7780,3444
7781,1910
7784,7755
7790,4796
7792,4617
7794,5141
7794,9203
7800,3241
7802,3634
7805,5848
7808,9085
7813,8338
7814,9001
7816,6004
7818,1278
7819,4740
7824,79
7825,6760
7825,9646
7828,5583
7829,7722
7831,751
7836,3876
7836,6550
7838,5729
7841,197
7845,4828
7849,3978
7860,2097
7862,9772
7863,1390
7863,2656
7867,708
7869,54
7869,6271
7872,8677
7873,1005
7877,3485
7880,9349
7890,990
7891,5677
7894,5570
7896,5116
7901,3192
7902,5560
7903,763
7907,7202
7913,1727
7917,5623
7921,222
7928,8035
7930,2316
7930,5879
7931,9451
7934,4723
7935,2897
7947,294
7948,3400
7959,8578
7960,515
7965,8413
7966,1224
7969,1369
7970,2908
7981,7261
7982,2702
7985,5640
7987,1154
7989,3016
7989,6780
7998,5208
7999,7461
8003,7607
8005,3900
8005,3937
8009,6502
8009,6786
8012,1363
8014,3131
8015,2309
8020,7695
8022,3434
8023,1204
8035,7928
8037,265
8037,9320
8040,1307
8040,4539
8043,375
8049,8230
8052,726
8052,1853
8052,6000
8052,9425
8062,5760
8066,2070
8068,5011
8075,9093
8081,9304
8083,1826
8083,3531
8085,1210
8087,8984
8092,1355
8097,2850
8099,5804
8102,1343
8104,6857
8105,8231
8108,6629
8116,6976
8120,7461
8122,4315
8125,6978
8128,337
8136,6659
8138,6738
8140,5087
8149,6469
8151,3709
8159,7313
8165,546
8165,717
8176,4691
8176,5568
8178,9135
8180,8382
8184,9111
8189,4225
8192,3132
8194,3437
8196,3391
8197,460
8200,2917
8201,6775
8203,9051
8208,8810
8209,6965
8214,5989
8220,4318
8227,9531
8229,489
8229,7734
8230,8049
8231,8105
8237,9599
8242,5817
8246,996
8247,9977
8248,2659
8251,304
8252,6902
8253,2496
8254,3570
8256,6183
8267,1660
8269,4081
8270,2883
8278,982
8281,3169
8282,4479
8282,9334
8283,4627
8284,14
8285,4648
8289,4539
8291,5093
8297,6160
8305,3970
8305,5557
8307,7661
8316,6419
8321,205
8323,2842
8332,333
8334,2714
8338,7813
8341,4118
8349,5960
8352,9835
8357,8420
8363,2947
8366,3578
8368,4077
8369,6971
8369,9539
8370,4630
8370,7390
8380,2329
8382,8180
8387,5679
8394,5836
8395,9700
8398,5886
8398,6449
8401,7708
8402,2072
8402,6734
8408,5093
8409,2059
8411,7449
8413,7965
8415,5694
8418,1896
8420,6533
8420,8357
8421,228
8421,4303
8421,4410
8421,8858
8426,7238
8429,1568
8429,5703
8432,9519
8434,4772
8435,9704
8438,3254
8441,1689
8443,2727
8443,7747
8447,1697
8453,7535
8457,156
8462,6547
8465,4280
8468,4330
8469,9200
8471,6761
8472,4824
8473,845
8474,3106
8476,4016
8484,1176
8492,272
8492,1836
8496,8973
8500,6810
8502,3417
8505,412
8508,3871
8509,2594
8509,8684
8510,653
8515,2024
8515,3537
8525,682
8533,1323
8537,7183
8544,7173
8550,756
8565,1017
8569,5603
8571,1676
8572,3794
8573,5352
8578,7959
8581,5979
8582,6589
8582,7528
8585,5370
8587,1228
8590,2291
8592,1155
8594,7337
8595,7730
8598,2047
8602,6958
8615,6908
8616,3611
8616,5247
8618,8727
8622,1997
8622,3625
8624,1423
8626,8651
8631,8770
8635,7520
8640,2385
8644,5767
8646,811
8649,8975
8650,8712
8651,3859
8651,8626
8652,1166
8655,6120
8658,1463
8660,9436
8668,2486
8670,4500
8670,5601
8670,6035
8674,2660
8677,7872
8680,6107
8682,4506
8684,2366
8684,8509
8688,163
8697,1008
8698,6586
8704,2135
8705,962
8709,2679
8712,8650
8715,3236
8720,5286
8720,9021
8723,7339
8724,4307
8724,9179
8727,1673
8727,8618
8732,774
8732,3304
8735,9667
8740,4707
8747,4295
8749,1003
8753,7288
8756,963
8757,130
8759,4715
8761,1112
8761,5446
8762,9427
8764,5989
8770,8631
8770,9639
8775,3881
8781,1209
8793,357
8793,2841
8795,9009
8797,501
8798,236
8807,631
8808,334
8810,8208
8819,1519
8820,892
8823,732
8827,3200
8832,3057
8834,4159
8846,9277
8848,7095
8849,1772
8851,3720
8855,9881
8856,1971
8858,8421
8858,9585
8865,7190
8866,9821
8868,1319
8871,6128
8874,6169
8876,1590
8878,1569
8883,3496
8886,1145
8895,5224
8896,1242
8908,3258
8908,3700
8916,4683
8924,7395
8935,5509
8938,9583
8939,6837
8945,4359
8945,4958
8955,2754
8956,859
8960,6730
8966,9571
8968,6599
8973,3130
8973,8496
8975,8649
8980,2538
8984,8087
8986,4406
8992,6399
8994,7268
8996,3860
8997,9404
8998,7479
8999,7757
9000,1087
9000,4815
9001,441
9001,7814
9008,2188
9009,8795
9021,6309
9021,8720
9022,2507
9026,277
9027,5989
9029,6542
9033,9132
9035,5579
9040,9794
9042,2072
9042,7611
9048,9146
9051,3673
9051,8203
9052,3562
9054,3049
9062,4095
9065,5829
9067,9914
9068,1494
9070,5782
9075,979
9079,750
9082,4830
9084,3237
9085,7808
9089,1610
9093,8075
9097,7678
9107,4336
9110,2738
9110,7094
9111,8184
9120,4824
9126,3426
9127,4788
9128,3765
9128,6332
9129,201
9131,4720
9132,2921
9132,9033
9134,6368
9135,8178
9139,7087
9146,9048
9153,408
9153,3541
9158,3995
9167,4302
9179,8724
9182,6490
9182,9793
9191,9636
9195,3964
9200,8469
9201,1609
9201,4207
9203,7794
9205,3572
9209,574
9211,5704
9212,5527
9212,6033
9213,2375
9220,4040
9225,1066
9236,435
9243,5374
9247,2685
9252,6448
9254,3114
9255,3471
9260,9578
9261,6978
9267,5079
9271,6156
9274,533
9274,5264
9277,8846
9280,490
9284,3274
9290,6355
9304,8081
9320,8037
9321,2829
9321,3461
9322,1022
9334,8282
9336,4722
9338,1732
9342,7620
9345,6030
9346,5263
9348,3973
9349,7880
9351,1898
9355,7049
9358,2377
9360,3556
9361,1406
9365,2786
9366,6487
9368,2150
9372,525
9373,3740
9374,6691
9376,330
9376,2981
9376,9968
9377,5640
9382,7230
9388,3010
9390,2135
9396,4749
9401,4205
9404,3910
9404,8997
9405,4707
9409,2791
9420,4057
9424,3463
9425,8052
9427,8762
9431,6461
9431,7518
9434,742
9434,1999
9434,3605
9436,8660
9448,1048
9451,789
9451,5903
9451,7931
9463,6902
9466,6052
9467,1482
9469,5361
9470,2967
9470,7043
9480,5627
9492,859
9496,7369
9505,1859
9508,5019
9510,7263
9513,1700
9519,729
9519,1497
9519,8432
9525,3114
9531,8227
9533,7657
9539,8369
9540,3572
9549,3461
9551,657
9553,4332
9554,1597
9557,1653
9565,5549
9567,6265
9571,8966
9572,3696
9578,1769
9578,9260
9583,8938
9585,8858
9587,353
9593,3893
9599,8237
9612,2744
9616,2447
9617,2994
9636,9191
9638,5209
9639,8770
9643,607
9645,346
9646,7825
9650,1251
9656,3876
9657,5571
9667,8735
9668,2857
9678,3999
9679,6246
9681,3315
9681,7755
9683,6557
9686,2427
9688,2949
9689,7433
9692,5083
9693,6471
9696,120
9700,8395
9704,3538
9704,8435
9710,223
9710,6001
9712,6169
9712,7765
9721,2059
9723,2182
9723,9868
9727,7520
9727,9807
9728,5253
9732,611
9733,3172
9755,4989
9755,9994
9757,3822
9759,2338
9765,5953
9770,7085
9772,7862
9774,6346
9776,3085
9780,5072
9783,2425
9786,996
9786,7483
9791,6903
9793,9182
9794,1661
9794,3249
9794,9040
9803,5789
9805,6173
9806,4330
9807,2925
9807,9727
9808,4191
9810,489
9810,4132
9814,3732
9819,3936
9821,4349
9821,8866
9825,439
9832,7194
9833,3734
9834,613
9835,8352
9838,3480
9844,6515
9846,4642
9849,1497
9853,3510
9855,778
9857,4637
9858,6697
9864,677
9868,3383
9868,9723
9871,6196
9881,3064
9881,8855
9892,446
9914,9067
9917,4701
9922,3144
9930,5094
9931,2243
9938,1619
9941,2407
9942,991
9946,514
9948,4897
9955,1457
9958,1620
9959,6816
9965,7574
9967,4129
9968,9376
9976,7290
9977,8247
9986,5346
9993,1088
9994,9755
