10000,3118
0,938
0,8675
1,5971
3,3392
7,1041
11,7260
13,8627
14,4109
16,9190
18,3538
22,402
24,1013
24,1147
32,9281
33,3047
34,5769
36,8726
42,5339
45,4124
50,8607
50,9781
61,4356
61,7454
66,6942
69,1530
71,7690
75,9002
75,9110
76,2610
78,3545
81,1330
84,6467
94,5047
96,5527
96,8253
100,2543
102,5785
102,6769
105,3788
106,4009
106,4077
106,6024
108,272
115,9638
117,471
117,681
121,713
122,4405
125,4692
128,3950
133,1134
142,4367
145,2462
145,2581
149,9785
159,8357
160,4565
162,4694
164,7957
167,3610
170,9031
172,3076
174,5511
175,8858
177,9250
186,2061
188,1990
191,5782
192,4391
198,3244
204,8810
205,3624
205,8059
209,5940
210,8864
214,6020
217,6270
222,7353
225,5259
228,2810
238,1849
240,5970
241,7100
244,3877
246,9028
247,902
248,5687
251,4089
251,4458
260,8613
264,3385
266,505
267,8317
272,108
272,3906
275,1639
275,4074
277,3414
279,2629
282,1932
286,8931
288,7163
290,4099
294,3779
294,5754
302,1020
302,6891
307,1504
310,3452
311,6578
313,9682
320,8319
327,8813
330,1517
330,8718
336,2862
337,5523
348,8409
349,8333
353,4872
355,5189
365,774
373,3361
377,1379
385,5549
390,8169
390,8310
402,22
408,5515
412,3303
417,1265
417,7098
418,5543
419,3346
421,7357
424,6800
427,5102
431,8926
435,1373
436,1070
439,4942
441,9839
442,2356
447,8451
448,7027
457,9505
463,2664
464,7005
464,9002
469,4550
471,117
477,7910
478,8671
479,5130
480,5635
483,5553
492,5815
492,8129
493,3067
502,9238
503,1730
505,266
506,8334
508,7216
511,1603
511,5394
512,2514
512,3742
519,1707
530,9678
531,9987
549,3307
550,5303
553,6458
556,1506
559,2285
562,4821
562,9898
569,8673
570,5659
571,710
574,1721
574,4112
583,4828
583,7809
591,2785
594,4041
594,5443
599,4353
600,3073
603,2882
605,2095
605,8413
608,4847
615,2376
615,6172
615,6243
620,8122
624,3705
627,4106
633,7783
634,3496
641,4304
644,7283
648,9334
654,2248
667,2289
668,4127
671,8471
681,117
682,2436
683,5364
689,1208
690,1548
692,9293
693,7985
702,7770
707,2786
710,571
710,5287
711,4815
711,5758
713,121
714,1670
718,9103
739,4427
753,9849
754,764
756,5925
756,7082
759,5600
760,2065
761,8737
762,2113
764,754
773,6715
774,365
775,2810
780,3457
786,6333
789,4942
790,4697
796,7349
796,9280
799,5845
799,8768
800,4594
805,3758
809,1689
814,6427
816,7188
817,1732
817,7702
822,3354
822,8928
830,5498
831,1668
841,8044
842,5398
843,1905
845,2646
849,6655
850,6238
850,9660
853,1756
858,8051
863,9833
865,5336
867,3758
875,4254
879,7361
884,7870
901,3673
902,247
904,9900
905,5067
906,2623
906,5811
918,8992
920,6939
921,3025
923,4671
929,2737
933,6878
938,0
939,3633
940,4205
943,6001
943,9975
945,9969
948,4450
950,5684
953,2081
953,9998
955,4899
959,8350
961,3103
963,6331
964,2017
964,7762
965,2520
965,4957
967,2700
971,5807
974,4747
974,5338
976,1684
983,2842
985,3135
985,6155
985,6926
985,8474
990,4609
996,3101
1002,8176
1005,7621
1005,7654
1006,8988
1007,9588
1010,5257
1012,3560
1013,24
1015,2038
1020,302
1020,9796
1024,3271
1024,6409
1025,2595
1030,7503
1035,4010
1039,7331
1041,7
1043,6306
1045,6273
1046,9276
1050,3966
1055,2925
1057,1433
1063,2831
1064,2328
1070,436
1072,9144
1075,6027
1077,8115
1082,3331
1082,4447
1083,2905
1088,7547
1090,1737
1097,4273
1100,3169
1112,3833
1114,6753
1117,5099
1121,3896
1122,4223
1125,5213
1130,7603
1132,1707
1134,133
1138,5348
1140,2692
1144,6794
1147,24
1162,8642
1163,9457
1164,9031
1166,2206
1166,9997
1174,8552
1179,2868
1185,9645
1186,4856
1186,8250
1188,5854
1188,8966
1189,7828
1191,8168
1200,9303
1205,1267
1206,2386
1208,689
1209,1469
1210,5871
1216,8520
1217,1339
1218,6427
1218,8723
1226,2962
1226,9205
1227,9777
1229,7646
1231,6959
1236,1718
1237,2323
1243,6691
1253,6129
1255,5753
1258,7898
1265,417
1267,1205
1268,9719
1269,9568
1270,7801
1276,8161
1279,3336
1288,8321
1294,2767
1300,2065
1309,7798
1311,9262
1315,9528
1316,2203
1317,9710
1325,3710
1326,1785
1329,4020
1330,81
1330,6535
1339,1217
1352,9297
1368,7920
1373,435
1378,7766
1379,377
1379,3494
1382,6907
1385,1873
1392,5765
1394,7268
1395,2726
1396,7070
1398,4883
1403,4507
1410,4871
1414,3602
1417,9786
1422,6346
1424,3578
1433,1057
1436,4071
1440,8779
1443,8896
1444,4615
1445,6488
1447,3951
1448,8105
1450,4905
1451,6562
1452,2321
1454,8376
1465,4645
1469,1209
1469,6210
1470,6664
1485,5942
1487,7652
1493,3652
1495,9708
1500,9271
1504,307
1506,556
1507,9670
1513,7138
1517,330
1523,3060
1530,69
1548,690
1549,2965
1550,5229
1551,4464
1551,8120
1555,8883
1556,3507
1559,4142
1560,1818
1567,5760
1571,9312
1572,3152
1587,5152
1589,8806
1597,1908
1603,511
1604,4662
1606,6218
1611,7217
1613,5615
1614,9709
1615,4196
1631,8537
1635,8260
1639,275
1643,5387
1646,9215
1651,4691
1656,2457
1659,2125
1659,8620
1659,9468
1663,3232
1668,831
1670,714
1671,9791
1675,7033
1678,7323
1682,9194
1683,8546
1684,976
1684,7703
1685,7603
1689,809
1692,4634
1692,9419
1696,6127
1697,5360
1702,8663
1707,519
1707,1132
1709,8786
1713,5140
1714,1819
1714,3580
1718,1236
1720,8251
1721,574
1730,503
1732,817
1733,7231
1734,6741
1736,8210
1737,1090
1739,8075
1740,2408
1740,8210
1744,4433
1745,9202
1746,3599
1752,4996
1753,7967
1755,6533
1755,6765
1756,853
1756,2907
1756,8217
1759,2601
1760,2764
1762,7595
1766,8378
1766,8962
1768,3031
1772,8800
1773,3665
1777,7145
1778,3213
1782,5428
1785,1326
1786,3391
1792,8894
1801,9451
1804,9395
1805,1929
1805,4929
1812,7273
1818,1560
1819,1714
1821,9026
1822,6615
1825,2532
1825,5675
1826,2832
1829,1906
1836,8806
1841,6261
1847,5660
1849,238
1851,1926
1856,2136
1865,9587
1870,6964
1872,4854
1873,1385
1876,6215
1876,6340
1883,3301
1888,8285
1889,3287
1889,8210
1892,8298
1895,5265
1896,2437
1899,4191
1901,6153
1904,7108
1905,843
1906,1829
1906,2724
1906,2978
1908,1597
1911,2991
1915,6965
1918,7302
1922,2647
1925,8400
1926,1851
1929,1805
1932,282
1933,9499
1939,5255
1940,3989
1941,2228
1951,2611
1952,3431
1952,4514
1954,3909
1959,4228
1962,8809
1965,5640
1973,2667
1980,6968
1984,3442
1986,9102
1990,188
1993,2889
1994,4132
1995,4938
1995,6141
2001,5456
2016,8164
2017,964
2028,2318
2033,3598
2034,9817
2038,1015
2043,3911
2048,9017
2056,4952
2061,186
2065,760
2065,1300
2068,3384
2069,6901
2072,5094
2072,7762
2075,3794
2075,6381
2077,3288
2077,7320
2081,953
2085,3529
2088,2208
2092,9270
2093,2555
2095,605
2095,3410
2099,5128
2104,4630
2108,4213
2111,4643
2113,762
2113,5523
2118,5946
2119,4077
2125,1659
2125,3453
2127,7582
2136,1856
2136,5865
2137,9647
2138,6363
2145,3594
2149,7000
2150,3651
2153,9879
2157,3460
2161,4324
2169,7988
2181,3310
2181,4858
2182,5277
2188,7721
2189,2561
2192,8460
2194,2892
2196,2293
2203,1316
2205,4809
2206,1166
2206,8491
2208,2088
2211,3766
2214,2449
2216,4092
2216,8513
2220,5492
2223,8809
2228,1941
2228,3488
2230,2845
2231,2492
2240,8640
2248,654
2250,3703
2252,8434
2261,5583
2264,3774
2265,4217
2270,3646
2271,7634
2273,9046
2282,5353
2285,559
2285,8653
2289,667
2293,2196
2295,7002
2304,7100
2308,8088
2309,8431
2315,3357
2318,2028
2319,4340
2320,5477
2321,1452
2323,1237
2327,7628
2328,1064
2328,2715
2333,2867
2333,7680
2337,2639
2337,6146
2348,7276
2350,9447
2356,442
2359,8780
2361,7645
2362,8186
2368,7153
2374,3363
2375,5509
2376,615
2378,3747
2379,5616
2379,9398
2385,4843
2386,1206
2390,4250
2393,9105
2395,8882
2398,7778
2398,9493
2399,2741
2407,9212
2408,1740
2409,8265
2414,8376
2421,8379
2423,5011
2425,2439
2430,6080
2430,7563
2432,4482
2433,3773
2436,682
2437,1896
2438,6195
2439,2425
2445,9908
2449,2214
2456,5919
2457,1656
2459,7462
2461,3169
2462,145
2467,3703
2467,4815
2471,6536
2487,8403
2488,9030
2488,9744
2490,5219
2492,2231
2493,8266
2494,8527
2495,6706
2499,4909
2499,9161
2503,5662
2503,9706
2513,8884
2514,512
2517,7888
2520,965
2521,3028
2522,5259
2524,7925
2528,6640
2532,1825
2532,8591
2532,9631
2534,3339
2534,5713
2534,6431
2540,3902
2542,5686
2543,100
2547,5692
2548,6082
2553,3580
2555,2093
2558,6974
2558,7285
2559,9460
2561,2189
2561,5387
2563,4178
2569,2869
2570,3629
2581,145
2586,9891
2588,9604
2590,2736
2591,4705
2595,1025
2596,9467
2598,8132
2599,2726
2599,8344
2601,1759
2606,7800
2610,76
2610,3946
2611,1951
2612,3012
2617,5061
2623,906
2626,3999
2629,279
2631,5404
2635,4731
2638,4876
2639,2337
2639,7170
2642,4914
2646,845
2647,1922
2658,3812
2659,8788
2662,3083
2662,8956
2664,463
2667,1973
2668,7646
2668,8654
2674,5623
2684,5817
2691,3151
2692,1140
2696,5210
2699,6058
2700,967
2703,2788
2703,5571
2705,3373
2705,9249
2706,4054
2707,9755
2715,2328
2717,8328
2724,1906
2726,1395
2726,2599
2736,2590
2737,929
2741,2399
2744,5532
2746,8552
2755,5610
2760,8297
2764,1760
2764,3846
2765,4711
2767,1294
2769,7123
2772,4068
2779,9232
2785,591
2786,707
2788,2703
2793,5063
2798,9753
2800,3207
2802,4726
2810,228
2810,775
2810,7550
2811,7599
2815,9870
2818,7787
2828,5384
2830,9074
2831,1063
2832,1826
2832,7134
2835,3086
2838,5059
2842,983
2842,5529
2845,2230
2846,3119
2846,5376
2851,5525
2857,7303
2862,336
2862,6233
2863,9991
2867,2333
2868,1179
2868,6487
2869,2569
2869,3845
2873,3749
2873,8735
2876,9195
2881,9601
2882,603
2885,3749
2887,9624
2889,1993
2890,6323
2891,5257
2891,8841
2892,2194
2905,1083
2907,1756
2910,7726
2912,9628
2916,3046
2918,3698
2918,7583
2919,7638
2920,4232
2925,1055
2926,8271
2928,4388
2940,6839
2943,9144
2949,5144
2956,7541
2958,9966
2962,1226
2962,4142
2962,4765
2965,1549
2965,7262
2978,1906
2980,6394
2984,6832
2987,4655
2991,1911
2995,3776
2996,6284
2997,5189
3012,2612
3025,921
3026,4992
3028,2521
3031,1768
3035,9024
3036,9103
3037,4914
3043,9130
3044,7100
3045,6463
3046,2916
3047,33
3048,8472
3051,4370
3060,1523
3063,8234
3067,493
3069,3606
3072,9192
3073,600
3076,172
3076,9189
3083,2662
3083,3928
3083,4179
3085,8027
3085,9874
3086,2835
3087,3660
3089,6949
3089,9858
3094,5150
3095,4676
3096,9719
3098,4595
3098,6410
3101,996
3103,961
3106,3796
3119,2846
3122,8193
3123,3743
3131,5856
3131,6904
3135,985
3150,4275
3151,2691
3152,1572
3153,9821
3162,7672
3165,5941
3167,9050
3169,1100
3169,2461
3171,5478
3173,5876
3184,3340
3195,9037
3201,8718
3207,2800
3209,9404
3212,3524
3213,1778
3225,5102
3226,6755
3227,6846
3231,6018
3232,1663
3234,4552
3240,7539
3241,7953
3244,198
3244,6621
3253,6561
3256,6516
3264,7486
3266,5727
3271,1024
3287,1889
3288,2077
3294,9420
3298,5212
3300,7278
3301,1883
3301,8417
3302,6058
3303,412
3303,3914
3303,5365
3307,549
3310,2181
3311,8959
3319,5756
3326,6490
3329,9584
3330,9384
3331,1082
3333,3361
3336,1279
3339,2534
3340,3184
3341,7851
3346,419
3346,9999
3347,6683
3350,5795
3354,822
3354,8620
3357,2315
3359,3534
3361,373
3361,3333
3363,2374
3364,3771
3368,5010
3369,5865
3369,6862
3369,8792
3370,7634
3373,2705
3384,2068
3385,264
3387,8933
3390,3856
3391,1786
3392,3
3395,3499
3407,5535
3407,7104
3408,7356
3410,2095
3411,5926
3411,6884
3413,7895
3414,277
3421,7373
3431,1952
3432,6746
3434,6050
3438,4341
3442,1984
3442,6051
3443,6889
3449,5207
3452,310
3453,2125
3453,4022
3455,9659
3456,6378
3457,780
3460,2157
3460,6176
3463,6170
3467,6682
3471,5705
3473,4483
3484,8598
3485,4037
3486,5461
3488,2228
3490,5216
3492,5300
3494,1379
3496,634
3496,8721
3499,3395
3499,7768
3501,3770
3507,1556
3516,8124
3521,4758
3524,3212
3529,2085
3534,3359
3535,7950
3537,8143
3538,18
3539,8319
3540,9329
3544,6787
3545,78
3546,3897
3560,1012
3564,4066
3571,5980
3572,3910
3572,6801
3578,1424
3580,1714
3580,2553
3581,8334
3585,4298
3589,5107
3594,2145
3598,2033
3598,7278
3599,1746
3602,1414
3603,4075
3606,3069
3607,6757
3610,167
3624,205
3625,6173
3629,2570
3633,939
3644,8848
3646,2270
3649,9605
3651,2150
3652,1493
3652,9527
3659,8350
3660,3087
3660,7149
3663,6174
3665,1773
3673,901
3673,8485
3679,3833
3687,9553
3689,7533
3693,6913
3698,2918
3699,5007
3703,2250
3703,2467
3704,4899
3705,624
3708,4810
3708,9426
3710,1325
3710,4774
3719,5959
3735,7627
3740,5599
3742,512
3743,3123
3747,2378
3748,6146
3749,2873
3749,2885
3751,8788
3755,9880
3758,805
3758,867
3766,2211
3770,3501
3771,3364
3773,2433
3774,2264
3776,2995
3777,9155
3779,294
3785,7915
3788,105
3789,7529
3794,2075
3796,3106
3804,9574
3805,8594
3806,4344
3812,2658
3822,6910
3826,9835
3830,7908
3833,1112
3833,3679
3835,6316
3837,8902
3845,2869
3846,2764
3849,5579
3852,7910
3853,7165
3855,6815
3856,3390
3857,9477
3866,3912
3869,9565
3871,6440
3872,9434
3872,9934
3877,244
3896,1121
3897,3546
3902,2540
3906,272
3909,1954
3910,3572
3911,2043
3912,3866
3914,3303
3921,8744
3927,6982
3928,3083
3929,6948
3941,8128
3942,5327
3942,6217
3946,2610
3948,7919
3949,7182
3950,128
3951,1447
3956,8836
3961,5301
3966,1050
3966,9757
3969,6692
3972,4460
3972,4541
3980,8480
3981,8523
3987,9815
3989,1940
3989,7976
3992,9546
3993,9180
3994,9743
3999,2626
4000,4424
4001,5803
4009,106
4010,1035
4012,6022
4020,1329
4021,7530
4022,3453
4029,5237
4031,7843
4034,9175
4037,3485
4039,4898
4041,594
4044,5754
4054,2706
4057,9805
4066,3564
4068,2772
4068,8231
4070,4336
4071,1436
4074,275
4075,3603
4077,106
4077,2119
4082,6749
4087,7422
4089,251
4092,2216
4095,4915
4099,290
4101,6142
4103,7622
4106,627
4107,9258
4109,14
4112,574
4124,45
4127,668
4127,9379
4132,1994
4134,4363
4134,9805
4141,4759
4142,1559
4142,2962
4149,6257
4154,9360
4156,7853
4157,8435
4159,9676
4162,8107
4165,5520
4166,8933
4178,2563
4179,3083
4191,1899
4192,9915
4193,8537
4196,1615
4196,8887
4205,940
4207,8105
4209,8971
4213,2108
4217,2265
4220,7551
4223,1122
4228,1959
4232,2920
4239,6900
4247,4678
4250,2390
4253,6222
4253,8845
4254,875
4255,5190
4256,9701
4258,8916
4263,9959
4266,7202
4268,5655
4273,1097
4275,3150
4284,6586
4295,7716
4298,3585
4298,6614
4304,641
4307,4925
4323,8996
4324,2161
4327,7457
4333,6139
4336,4070
4338,9559
4340,2319
4341,3438
4344,3806
4350,8475
4353,599
4354,5906
4355,8343
4356,61
4360,9852
4363,4134
4367,142
4368,4816
4369,9327
4370,3051
4374,6269
4376,4524
4377,7179
4387,9709
4388,2928
4389,6280
4391,192
4391,5086
4394,8198
4395,6622
4401,7731
4405,122
4406,4440
4414,4754
4416,9831
4424,4000
4425,8404
4427,739
4427,6932
4432,6243
4433,1744
4436,7477
4440,4406
4447,1082
4447,4530
4450,948
4458,251
4460,3972
4464,1551
4471,6117
4479,4881
4482,2432
4483,3473
4491,4549
4493,6837
4496,5657
4498,8246
4500,9570
4507,1403
4507,9179
4508,8822
4514,1952
4524,4376
4526,6218
4530,4447
4533,8307
4541,3972
4549,4491
4549,5508
4550,469
4550,8008
4552,3234
4562,9237
4565,160
4567,7037
4574,6690
4578,9861
4589,5851
4590,9179
4594,800
4595,3098
4604,8136
4605,5873
4608,8197
4609,990
4611,5602
4611,6794
4615,1444
4623,8250
4624,6599
4625,5043
4630,2104
4634,1692
4634,5850
4635,5809
4638,6415
4639,7482
4643,2111
4645,1465
4646,5780
4651,7316
4655,2987
4662,1604
4663,5618
4671,923
4672,9052
4674,9688
4676,3095
4677,8680
4678,4247
4691,1651
4692,125
4694,162
4697,790
4700,9440
4703,8337
4705,2591
4711,2765
4726,2802
4727,8330
4729,7364
4731,2635
4738,9069
4746,9921
4747,974
4754,4414
4755,7869
4756,6271
4758,3521
4759,4141
4764,4940
4765,2962
4766,8841
4773,6534
4774,3710
4780,9910
4789,5134
4800,8656
4800,9264
4807,4825
4809,2205
4810,3708
4814,4891
4815,711
4815,2467
4816,4368
4821,562
4825,4807
4828,583
4838,5626
4843,2385
4846,6409
4847,608
4852,5513
4852,8020
4853,8454
4854,1872
4856,1186
4857,4997
4858,2181
4864,8603
4871,1410
4872,353
4876,2638
4880,5279
4881,4479
4881,9929
4883,1398
4889,5999
4891,4814
4892,9409
4898,4039
4899,955
4899,3704
4905,1450
4909,2499
4914,2642
4914,3037
4915,4095
4919,8669
4925,4307
4929,1805
4929,8859
4930,7231
4933,9807
4938,1995
4940,4764
4942,439
4942,789
4944,6010
4946,6309
4946,7670
4948,6487
4952,2056
4956,6013
4957,965
4957,9667
4962,7762
4966,8189
4966,9582
4966,9604
4967,9738
4970,6124
4972,8517
4977,6534
4977,7582
4978,7566
4981,6773
4992,3026
4993,9082
4996,1752
4997,4857
4998,9541
4998,9884
5007,3699
5010,3368
5010,8142
5011,2423
5034,9092
5043,4625
5047,94
5048,9514
5049,9520
5057,7954
5059,2838
5061,2617
5063,2793
5067,905
5074,9494
5080,8023
5086,4391
5087,5754
5091,9809
5094,2072
5096,5717
5099,1117
5099,7517
5102,427
5102,3225
5107,3589
5110,7352
5115,9263
5121,7055
5121,9861
5122,5586
5128,2099
5128,5343
5128,8047
5130,479
5130,8727
5134,4789
5140,1713
5144,2949
5150,3094
5152,1587
5179,7590
5179,8150
5189,355
5189,2997
5190,4255
5195,7862
5202,7750
5207,3449
5209,6129
5209,9624
5210,2696
5210,6517
5212,3298
5213,1125
5216,3490
5217,6681
5219,2490
5220,8176
5229,1550
5231,6933
5233,9804
5235,5490
5237,4029
5255,1939
5256,7070
5256,7507
5257,1010
5257,2891
5259,225
5259,2522
5265,1895
5277,2182
5279,4880
5282,6341
5282,7766
5283,5563
5287,710
5298,6209
5300,3492
5301,3961
5303,550
5304,6374
5306,9552
5314,8475
5315,9987
5327,3942
5336,865
5338,974
5339,42
5343,5128
5343,5986
5344,9623
5348,1138
5353,2282
5356,6738
5360,1697
5363,6475
5364,683
5365,3303
5365,9740
5376,2846
5384,2828
5387,1643
5387,2561
5388,8871
5391,7557
5394,511
5398,842
5403,9981
5404,2631
5404,6200
5410,6906
5428,1782
5443,594
5444,8168
5451,7086
5456,2001
5457,6924
5461,3486
5461,7290
5462,7736
5475,9053
5477,2320
5477,9810
5478,3171
5490,5235
5492,2220
5495,6388
5496,9636
5498,830
5508,4549
5509,2375
5511,174
5513,4852
5515,408
5520,4165
5523,337
5523,2113
5525,2851
5527,96
5527,7610
5529,2842
5532,2744
5535,3407
5542,7760
5543,418
5543,7354
5549,385
5553,483
5556,8127
5562,6229
5563,5283
5564,8322
5566,7572
5566,9362
5567,7494
5571,2703
5571,5574
5571,6865
5574,5571
5576,6179
5579,3849
5583,2261
5586,5122
5599,3740
5600,759
5602,4611
5608,5793
5610,2755
5615,1613
5616,2379
5618,4663
5623,2674
5626,4838
5628,9118
5629,8776
5635,480
5640,1965
5648,7129
5652,8216
5655,4268
5657,4496
5659,570
5660,1847
5662,2503
5665,5967
5667,8887
5668,9961
5673,6211
5675,1825
5682,9369
5684,950
5686,2542
5687,248
5692,2547
5701,9319
5702,7541
5705,3471
5707,8623
5709,5859
5713,2534
5717,5096
5725,5808
5727,3266
5745,7822
5746,8216
5746,8401
5753,1255
5754,294
5754,4044
5754,5087
5756,3319
5758,711
5760,1567
5765,1392
5769,34
5772,7955
5780,4646
5780,6275
5782,191
5784,7779
5785,102
5789,7452
5793,5608
5795,3350
5803,4001
5803,5967
5807,971
5808,5725
5808,8471
5809,4635
5811,906
5815,492
5816,6237
5817,2684
5826,8891
5829,9415
5834,8248
5842,6618
5845,799
5850,4634
5851,4589
5852,6491
5854,1188
5856,3131
5859,5709
5865,2136
5865,3369
5870,6382
5871,1210
5873,4605
5876,3173
5892,6180
5906,4354
5911,7090
5913,8791
5919,2456
5925,756
5926,3411
5935,6717
5940,209
5941,3165
5942,1485
5944,6067
5946,2118
5959,3719
5967,5665
5967,5803
5970,240
5971,1
5974,6491
5978,9080
5980,3571
5986,5343
5987,6584
5988,8641
5994,8944
5999,4889
6000,7480
6001,943
6010,4944
6010,7010
6013,4956
6015,9169
6018,3231
6018,6210
6020,214
6020,9111
6022,4012
6024,106
6024,7035
6025,9319
6027,1075
6039,6597
6042,6721
6044,9979
6048,6426
6048,9797
6050,3434
6051,3442
6052,8084
6054,7030
6058,2699
6058,3302
6058,9831
6060,8382
6067,5944
6067,7504
6075,6304
6078,8720
6080,2430
6080,9023
6081,6385
6082,2548
6085,8050
6092,9213
6104,9941
6117,4471
6124,4970
6127,1696
6129,1253
6129,5209
6135,8912
6136,6529
6139,4333
6141,1995
6142,4101
6146,2337
6146,3748
6151,7995
6152,8625
6153,1901
6155,985
6164,8488
6164,9044
6170,3463
6172,615
6172,7180
6173,3625
6173,6815
6174,3663
6175,7590
6176,3460
6179,5576
6180,5892
6181,9747
6195,2438
6196,7141
6196,8478
6200,5404
6209,5298
6210,1469
6210,6018
6211,5673
6215,1876
6217,3942
6218,1606
6218,4526
6219,6883
6222,4253
6226,9128
6229,5562
6233,2862
6236,8093
6237,5816
6238,850
6241,7392
6243,615
6243,4432
6253,9880
6257,4149
6257,7709
6261,1841
6269,4374
6270,217
6271,4756
6273,1045
6274,8274
6275,5780
6276,8610
6278,6618
6280,4389
6284,2996
6300,7330
6304,6075
6306,1043
6306,6607
6309,4946
6310,9543
6316,3835
6316,7749
6321,8438
6323,2890
6325,7383
6331,963
6332,6508
6333,786
6338,7125
6340,1876
6341,5282
6346,1422
6346,6659
6351,7095
6362,7060
6363,2138
6368,9166
6374,5304
6378,3456
6380,9596
6381,2075
6382,5870
6382,9637
6385,6081
6388,5495
6394,2980
6396,7469
6409,1024
6409,4846
6410,3098
6412,9594
6415,4638
6426,6048
6427,814
6427,1218
6431,2534
6433,8406
6434,9469
6438,8115
6439,7814
6440,3871
6440,8957
6442,7905
6447,7323
6448,7496
6450,8975
6458,553
6463,3045
6467,84
6469,9083
6472,9077
6473,9303
6475,5363
6483,8978
6487,2868
6487,4948
6488,1445
6490,3326
6491,5852
6491,5974
6498,6524
6505,7287
6508,6332
6515,8815
6516,3256
6517,5210
6524,6498
6529,6136
6533,1755
6534,4773
6534,4977
6535,1330
6536,2471
6561,3253
6562,1451
6566,8255
6578,311
6584,5987
6585,8267
6585,9956
6586,4284
6590,9766
6591,7704
6596,6739
6597,6039
6599,4624
6607,6306
6608,7052
6611,6900
6614,4298
6615,1822
6615,7324
6618,5842
6618,6278
6621,3244
6622,4395
6624,6693
6640,2528
6642,7561
6648,8212
6653,6941
6653,8185
6655,849
6659,6346
6663,9337
6664,1470
6678,8523
6681,5217
6682,3467
6683,3347
6686,7461
6690,4574
6691,1243
6692,3969
6692,8907
6693,6624
6700,7142
6701,7923
6703,9097
6703,9210
6706,2495
6710,8191
6712,7944
6715,773
6717,5935
6721,6042
6725,7012
6731,6979
6738,5356
6739,6596
6741,1734
6745,7840
6746,3432
6749,4082
6753,1114
6755,3226
6757,3607
6765,1755
6769,102
6769,8499
6773,4981
6780,6855
6780,9268
6787,3544
6794,1144
6794,4611
6800,424
6801,3572
6810,7001
6815,3855
6815,6173
6827,9799
6830,8595
6832,2984
6837,4493
6839,2940
6845,9228
6846,3227
6855,6780
6862,3369
6864,8454
6865,5571
6874,7639
6878,933
6879,9384
6883,6219
6884,3411
6889,3443
6891,302
6891,7365
6900,4239
6900,6611
6901,2069
6904,3131
6905,7221
6906,5410
6907,1382
6910,3822
6913,3693
6924,5457
6926,985
6932,4427
6933,5231
6935,8991
6939,920
6941,6653
6942,66
6942,9495
6947,7144
6947,7854
6948,3929
6949,3089
6958,9603
6959,1231
6961,9950
6964,1870
6965,1915
6968,1980
6974,2558
6979,6731
6982,3927
6990,8742
7000,2149
7001,6810
7002,2295
7005,464
7008,9666
7010,6010
7012,6725
7016,7197
7027,448
7030,6054
7031,7788
7033,1675
7035,6024
7037,4567
7052,6608
7055,5121
7055,9528
7060,6362
7062,9775
7063,7751
7065,7783
7066,7394
7070,1396
7070,5256
7072,8749
7079,9870
7082,756
7086,5451
7090,5911
7090,7961
7095,6351
7098,417
7100,241
7100,2304
7100,3044
7104,3407
7108,1904
7113,7429
7123,2769
7125,6338
7129,5648
7131,8965
7134,2832
7138,1513
7141,6196
7142,6700
7144,6947
7145,1777
7149,3660
7150,8093
7153,2368
7156,8427
7163,288
7165,3853
7170,2639
7179,4377
7179,7199
7180,6172
7180,8350
7182,3949
7188,816
7196,9363
7197,7016
7199,7179
7202,4266
7203,8129
7216,508
7217,1611
7221,6905
7231,1733
7231,4930
7239,7947
7260,11
7262,2965
7262,7301
7268,1394
7269,9149
7272,8411
7273,1812
7276,2348
7278,3300
7278,3598
7283,644
7284,8151
7285,2558
7287,6505
7287,7569
7290,5461
7290,7881
7291,9065
7301,7262
7302,1918
7302,9192
7303,2857
7310,9022
7316,4651
7320,2077
7323,1678
7323,6447
7324,6615
7328,7371
7330,6300
7331,1039
7333,9005
7334,8876
7343,8475
7348,8836
7349,796
7352,5110
7353,222
7354,5543
7356,3408
7356,7967
7357,421
7358,8407
7361,879
7364,4729
7365,6891
7368,8201
7371,7328
7373,3421
7381,9844
7383,6325
7385,9094
7392,6241
7394,7066
7406,8400
7413,8647
7414,7784
7422,4087
7424,7900
7427,8450
7429,7113
7431,9959
7434,8720
7438,8474
7452,5789
7454,61
7456,7613
7457,4327
7461,6686
7462,2459
7462,8786
7467,9858
7469,6396
7473,9351
7477,4436
7480,6000
7481,8222
7482,4639
7486,3264
7494,5567
7496,6448
7503,1030
7504,6067
7507,5256
7517,5099
7529,3789
7530,4021
7533,3689
7539,3240
7541,2956
7541,5702
7547,1088
7550,2810
7551,4220
7557,5391
7561,6642
7563,2430
7566,4978
7569,7287
7570,9808
7572,5566
7582,2127
7582,4977
7583,2918
7590,5179
7590,6175
7591,9380
7595,1762
7599,2811
7600,8512
7603,1130
7603,1685
7606,7830
7607,8917
7610,5527
7613,7456
7616,9073
7617,8404
7621,1005
7621,7716
7622,4103
7627,3735
7628,2327
7634,2271
7634,3370
7638,2919
7639,6874
7639,8976
7645,2361
7646,1229
7646,2668
7651,7928
7652,1487
7654,1005
7664,7742
7664,8518
7668,9366
7670,4946
7672,3162
7672,9801
7673,7737
7675,9666
7680,2333
7690,71
7702,817
7703,1684
7704,6591
7709,6257
7716,4295
7716,7621
7721,2188
7726,2910
7731,4401
7736,5462
7737,7673
7741,8978
7742,7664
7749,6316
7750,5202
7751,7063
7754,8605
7756,8943
7756,9804
7760,5542
7762,964
7762,2072
7762,4962
7763,8652
7766,1378
7766,5282
7766,8551
7768,3499
7768,8023
7770,702
7778,2398
7779,5784
7783,633
7783,7065
7784,7414
7787,2818
7788,7031
7789,7816
7792,8511
7798,1309
7800,2606
7801,1270
7809,583
7814,6439
7816,7789
7822,5745
7826,8730
7828,1189
7830,7606
7835,8745
7840,6745
7843,4031
7851,3341
7853,4156
7854,6947
7855,9052
7862,5195
7866,9151
7869,4755
7870,884
7881,7290
7888,2517
7895,3413
7898,1258
7900,7424
7902,9876
7903,8019
7905,6442
7908,3830
7910,477
7910,3852
7915,3785
7919,3948
7920,1368
7923,6701
7925,2524
7928,7651
7928,9311
7944,6712
7947,7239
7948,8976
7948,9549
7950,3535
7953,3241
7954,5057
7955,5772
7957,164
7960,9519
7961,7090
7963,9734
7966,9230
7967,1753
7967,7356
7976,3989
7985,693
7988,2169
7993,8601
7995,6151
8004,9947
8008,4550
8013,9588
8019,7903
8020,4852
8023,5080
8023,7768
8027,3085
8041,8198
8044,841
8047,5128
8050,6085
8051,858
8059,205
8070,9128
8075,1739
8084,6052
8088,2308
8089,9210
8093,6236
8093,7150
8105,1448
8105,4207
8107,4162
8107,9924
8115,1077
8115,6438
8117,9520
8119,8943
8120,1551
8122,620
8123,8252
8124,3516
8127,5556
8128,3941
8128,9407
8129,492
8129,7203
8132,2598
8136,4604
8142,5010
8143,3537
8150,5179
8151,7284
8153,9660
8161,1276
8164,2016
8168,1191
8168,5444
8169,390
8176,1002
8176,5220
8185,6653
8186,2362
8189,4966
8191,6710
8193,3122
8197,4608
8198,4394
8198,8041
8201,7368
8210,1736
8210,1740
8210,1889
8212,6648
8216,5652
8216,5746
8217,1756
8222,7481
8231,4068
8234,3063
8236,8391
8245,8355
8246,4498
8248,5834
8250,1186
8250,4623
8251,1720
8252,8123
8253,96
8255,6566
8260,1635
8262,9723
8265,2409
8266,2493
8267,6585
8271,2926
8274,6274
8282,9826
8285,1888
8294,8574
8297,2760
8298,1892
8307,4533
8310,390
8317,267
8319,320
8319,3539
8321,1288
8322,5564
8324,9541
8328,2717
8330,4727
8331,9621
8333,349
8334,506
8334,3581
8337,4703
8343,4355
8344,2599
8347,9114
8350,959
8350,3659
8350,7180
8352,9981
8355,8245
8357,159
8369,9773
8376,1454
8376,2414
8378,1766
8379,2421
8382,6060
8391,8236
8400,1925
8400,7406
8401,5746
8403,2487
8404,4425
8404,7617
8406,6433
8407,7358
8409,348
8411,7272
8413,605
8417,3301
8427,7156
8431,2309
8434,2252
8435,4157
8438,6321
8450,7427
8451,447
8454,4853
8454,6864
8460,2192
8471,671
8471,5808
8472,3048
8474,985
8474,7438
8475,4350
8475,5314
8475,7343
8478,6196
8480,3980
8485,3673
8488,6164
8491,2206
8499,6769
8511,7792
8512,7600
8513,2216
8517,4972
8518,7664
8520,1216
8523,3981
8523,6678
8527,2494
8537,1631
8537,4193
8546,1683
8551,7766
8552,1174
8552,2746
8554,8688
8574,8294
8582,8907
8586,8852
8590,9220
8591,2532
8591,9053
8594,3805
8595,6830
8598,3484
8600,9396
8601,7993
8603,4864
8605,7754
8607,50
8610,6276
8613,260
8620,1659
8620,3354
8623,5707
8625,6152
8627,13
8637,9771
8640,2240
8641,5988
8642,1162
8644,9921
8647,7413
8649,9910
8652,7763
8653,2285
8654,2668
8656,4800
8663,1702
8669,4919
8671,478
8673,569
8675,0
8675,8713
8680,4677
8685,8691
8688,8554
8691,8685
8692,8693
8693,8692
8713,8675
8718,330
8718,3201
8720,6078
8720,7434
8721,3496
8723,1218
8726,36
8727,5130
8730,7826
8735,2873
8737,761
8742,6990
8744,3921
8745,7835
8749,7072
8768,799
8776,5629
8779,1440
8780,2359
8786,1709
8786,7462
8788,2659
8788,3751
8791,5913
8792,3369
8800,1772
8805,9052
8806,1589
8806,1836
8809,1962
8809,2223
8810,204
8813,327
8815,6515
8822,4508
8836,3956
8836,7348
8841,2891
8841,4766
8845,4253
8848,3644
8852,8586
8858,175
8859,4929
8864,210
8871,5388
8876,7334
8882,2395
8883,1555
8884,2513
8887,4196
8887,5667
8891,5826
8894,1792
8896,1443
8902,3837
8907,6692
8907,8582
8912,6135
8916,4258
8917,7607
8926,431
8928,822
8928,9812
8931,286
8933,3387
8933,4166
8943,7756
8943,8119
8944,5994
8956,2662
8957,6440
8959,3311
8962,1766
8965,7131
8966,1188
8971,4209
8974,9188
8975,6450
8976,7639
8976,7948
8978,6483
8978,7741
8988,1006
8991,6935
8992,918
8996,4323
9002,75
9002,464
9003,9537
9005,7333
9017,2048
9022,7310
9023,6080
9024,3035
9026,1821
9028,246
9030,2488
9031,170
9031,1164
9037,3195
9044,6164
9046,2273
9050,3167
9052,4672
9052,7855
9052,8805
9053,5475
9053,8591
9065,7291
9069,4738
9073,7616
9074,2830
9077,6472
9080,5978
9082,4993
9083,6469
9087,9211
9092,5034
9094,7385
9097,6703
9102,1986
9103,718
9103,3036
9105,2393
9110,75
9111,6020
9114,8347
9118,5628
9128,6226
9128,8070
9130,3043
9135,9173
9139,9727
9144,1072
9144,2943
9149,7269
9151,7866
9155,3777
9161,2499
9166,6368
9169,6015
9169,9447
9173,9135
9175,4034
9179,4507
9179,4590
9180,3993
9188,8974
9189,3076
9190,16
9192,3072
9192,7302
9194,1682
9195,2876
9202,1745
9205,1226
9210,6703
9210,8089
9211,9087
9212,2407
9213,6092
9215,1646
9219,9503
9220,8590
9228,6845
9230,7966
9232,2779
9237,4562
9238,502
9249,2705
9249,9564
9250,177
9258,4107
9262,1311
9263,5115
9264,4800
9268,6780
9270,2092
9271,1500
9276,1046
9280,796
9281,32
9283,9418
9293,692
9295,9524
9297,1352
9303,1200
9303,6473
9311,7928
9312,1571
9316,9443
9319,5701
9319,6025
9327,4369
9329,3540
9334,648
9337,6663
9351,7473
9360,4154
9362,5566
9363,7196
9366,7668
9369,5682
9379,4127
9380,7591
9384,3330
9384,6879
9395,1804
9396,8600
9396,9826
9398,2379
9404,3209
9404,9489
9407,8128
9409,4892
9415,5829
9418,9283
9419,1692
9420,3294
9426,3708
9434,3872
9440,4700
9443,9316
9447,2350
9447,9169
9451,1801
9457,1163
9460,2559
9467,2596
9468,1659
9469,6434
9471,9509
9477,3857
9489,9404
9493,2398
9494,5074
9495,6942
9499,1933
9503,9219
9505,457
9509,9471
9514,5048
9519,7960
9520,5049
9520,8117
9524,9295
9527,3652
9528,1315
9528,7055
9537,9003
9541,4998
9541,8324
9543,6310
9546,3992
9549,7948
9552,5306
9553,3687
9559,4338
9564,9249
9565,3869
9568,1269
9570,4500
9574,3804
9582,4966
9584,3329
9587,1865
9588,1007
9588,8013
9594,6412
9596,6380
9601,2881
9603,6958
9604,2588
9604,4966
9605,3649
9617,9794
9621,8331
9623,5344
9624,2887
9624,5209
9628,2912
9631,2532
9636,5496
9637,6382
9638,115
9645,1185
9647,2137
9659,3455
9660,850
9660,8153
9666,7008
9666,7675
9667,4957
9670,1507
9676,4159
9678,530
9680,9899
9682,313
9688,4674
9701,4256
9706,2503
9708,1495
9709,1614
9709,4387
9710,1317
9719,1268
9719,3096
9723,8262
9727,9139
9734,7963
9738,4967
9740,5365
9743,3994
9744,2488
9747,6181
9753,2798
9755,2707
9757,3966
9766,6590
9771,8637
9773,8369
9775,7062
9777,1227
9781,50
9785,149
9786,1417
9791,1671
9794,9617
9796,1020
9797,6048
9799,6827
9801,7672
9804,5233
9804,7756
9805,4057
9805,4134
9807,4933
9808,7570
9809,5091
9810,5477
9812,8928
9815,3987
9817,2034
9821,3153
9826,8282
9826,9396
9831,4416
9831,6058
9833,863
9835,3826
9839,441
9844,7381
9849,753
9852,4360
9858,3089
9858,7467
9861,4578
9861,5121
9870,2815
9870,7079
9874,3085
9876,7902
9879,2153
9880,3755
9880,6253
9884,4998
9891,2586
9896,9987
9898,562
9899,9680
9900,904
9908,2445
9910,4780
9910,8649
9915,4192
9921,4746
9921,8644
9924,8107
9929,4881
9934,3872
9941,6104
9947,8004
9950,6961
9956,6585
9959,4263
9959,7431
9961,5668
9966,2958
9969,945
9975,943
9979,6044
9981,5403
9981,8352
9987,531
9987,5315
9987,9896
9991,2863
9997,1166
9998,953
9999,3346
