10000,6134
4,9807
5,4553
5,8563
6,6130
6,6883
8,4881
12,4314
15,845
15,4764
16,2093
16,8716
19,3702
19,7582
21,457
22,1695
23,3998
24,7122
27,5958
27,6241
27,9334
30,5835
31,7995
32,9388
36,2466
36,5541
37,7523
38,2461
47,827
49,2768
49,5412
49,6808
50,522
50,3754
50,6055
52,5871
52,7974
53,9408
54,9587
55,5561
55,6965
57,3955
58,426
59,7061
61,2944
62,3825
62,8228
63,7660
66,264
68,2975
69,4331
72,6712
73,9319
77,4865
77,6740
78,6130
79,3427
79,5696
82,697
82,3742
82,8325
86,9839
89,3765
89,8297
90,3458
90,4346
90,8021
92,7504
93,4537
96,1905
99,8573
101,4550
108,3292
109,2510
112,2750
121,5451
121,5663
122,1383
124,949
127,5990
128,4292
133,9019
136,1731
142,3263
143,3020
146,1936
146,3687
147,5263
149,8346
152,5284
153,2472
154,2257
157,695
157,2524
159,5296
163,9077
164,7079
168,3499
168,5909
169,6645
171,9319
172,5808
175,7117
175,7411
181,9016
182,5831
182,7705
186,9025
188,1347
188,1911
189,6240
194,5998
196,664
197,7270
199,5853
201,5475
204,6520
204,7583
205,9501
210,2954
211,2693
211,7015
212,8197
213,873
213,5314
217,1909
217,3811
218,8519
222,3682
224,853
224,2206
224,4516
224,8609
227,8269
228,8818
229,2584
229,4131
231,5951
236,8913
240,4757
241,8402
242,7300
243,8610
246,388
246,6231
252,7324
254,4165
254,9155
255,736
255,5975
256,4250
259,7033
260,7022
261,3132
261,5019
262,483
264,66
266,9629
269,1149
272,1739
272,7920
274,7106
274,7772
275,6130
276,1060
276,1574
278,930
280,637
280,8290
282,6087
282,9188
285,8160
287,2773
287,4812
290,9525
293,7494
294,4877
298,4542
302,481
302,9148
306,8031
312,2139
315,8087
318,873
321,6946
323,4962
324,9653
327,3094
332,2190
334,8017
335,9460
336,4884
339,9387
341,3252
343,2082
345,911
345,1403
347,9865
350,5996
352,7975
354,5969
354,8286
355,4593
357,2242
361,6324
362,5187
364,8617
364,8738
365,9899
366,8822
372,9663
375,3191
375,4487
376,6689
376,9224
377,1484
377,3990
378,5125
383,9787
384,7287
385,3611
388,246
393,2025
394,7798
396,6565
399,8158
401,6813
402,4795
402,6437
404,2430
404,7985
408,1698
412,6323
412,7101
414,2708
414,6174
418,1483
419,3462
419,5441
420,7226
421,6264
423,5258
425,2354
426,58
427,7477
430,1418
430,8220
433,2424
434,7225
439,1288
440,4198
446,1264
450,1019
450,1372
450,5841
454,8157
455,1874
456,6209
457,21
463,7824
470,8976
471,770
474,9110
475,7091
477,8320
478,1359
481,302
483,262
483,2790
486,6648
487,6739
491,5966
491,6957
498,2103
501,2509
502,1022
502,8524
504,3683
504,9470
505,6090
506,9375
507,5194
508,2673
511,2180
512,1448
515,8291
516,3772
517,4134
517,9257
518,5853
520,7732
521,1177
522,50
522,5669
522,9632
523,2866
525,4282
528,7233
528,7635
531,5869
532,8442
539,6201
540,7913
541,3021
542,8689
543,4952
545,5395
545,9661
546,5644
548,3841
549,1910
550,7577
551,2963
555,6041
555,7069
558,9326
562,1995
563,738
563,2843
563,4581
565,607
566,4458
567,1447
568,1291
568,1452
572,8403
574,1856
575,9156
575,9753
576,592
576,2152
577,761
578,2488
579,7830
583,6461
586,882
587,2355
588,2664
589,661
590,4245
592,576
592,7513
594,2021
594,2977
596,869
596,9370
601,3233
601,6740
602,8112
602,8890
603,6731
607,565
607,1272
609,5412
609,9906
612,7521
615,826
615,3563
615,6669
617,1287
622,2366
622,7811
625,9944
627,9939
628,4884
633,3853
634,6604
637,280
637,5412
637,9169
641,9619
642,1711
642,3294
644,3118
645,8762
646,1779
650,3602
650,6466
652,8841
653,8228
654,7126
658,9753
658,9864
659,3173
659,5184
660,7102
661,589
664,196
664,5626
665,6495
666,4347
667,5443
668,5940
672,9772
675,5430
675,9208
675,9650
679,9234
683,7591
688,1079
689,3462
689,7650
690,4761
691,9405
691,9827
693,6227
693,7641
695,157
697,82
697,860
698,6911
699,4728
701,2187
702,5397
705,7973
706,724
706,8774
708,1008
709,4727
710,3881
710,7620
711,7553
712,4762
713,1349
714,4563
714,7179
717,4346
718,1708
721,5707
721,6917
723,2121
724,706
727,4277
728,2375
728,9754
729,3216
731,5364
733,5938
733,5968
736,255
738,563
738,2573
740,9725
743,3840
743,9012
744,2268
753,2540
754,2659
754,4904
757,5850
760,6580
761,577
762,2521
764,1147
764,8500
765,2600
765,8479
769,7588
769,8270
770,471
770,9398
771,2594
772,6123
773,5507
774,7388
775,867
775,2407
775,4783
776,1685
776,7126
777,9381
778,9845
779,1744
779,7802
780,3312
781,2971
782,8273
783,2554
786,863
788,8322
792,6850
796,9568
797,974
797,8032
803,3989
803,5495
804,5644
804,6330
804,9834
805,1652
807,937
808,1621
811,1868
811,6943
816,1428
816,1726
816,2253
818,4947
819,4923
822,2067
822,2223
822,9842
823,4771
823,8368
823,9919
824,6574
824,7883
826,615
826,8702
827,47
831,1762
831,6364
833,4721
834,7327
835,844
836,8817
837,6562
842,1202
843,7970
844,835
845,15
846,4894
851,5859
852,3434
852,8693
853,224
853,1575
853,4142
853,7733
854,1229
856,1821
856,3578
857,4765
858,1782
858,9394
859,7234
860,697
862,1457
862,6453
863,786
863,3411
863,6025
867,775
869,596
869,9992
873,213
873,318
873,2055
879,3985
881,1304
882,586
889,1648
889,7418
892,2116
893,2283
894,9222
895,2750
896,3640
898,9158
899,6602
905,9051
906,1864
907,8009
911,345
911,7644
913,6629
916,9225
919,2035
919,7813
921,3065
922,6719
922,6806
923,5506
929,5169
930,278
933,3781
935,1788
935,5582
937,807
940,3674
945,3133
947,1160
947,9608
949,124
952,1376
952,7876
953,1718
960,8868
961,1934
961,2480
961,3922
964,4363
965,3713
968,4183
971,9420
974,797
976,7486
979,6621
980,3840
983,9212
984,1121
984,2051
984,7644
987,4216
987,5829
987,9224
988,2441
993,4119
1001,2323
1001,5331
1002,1762
1002,2858
1003,1277
1003,1626
1004,1460
1005,6648
1006,3581
1007,4874
1008,708
1008,2098
1008,2319
1009,1800
1010,4007
1013,7877
1013,7972
1014,7832
1017,6949
1017,7029
1018,9083
1019,450
1022,502
1022,8280
1026,1190
1026,2893
1027,5656
1028,1157
1028,5717
1030,5265
1030,8936
1034,1262
1035,7200
1037,5496
1037,7421
1038,5007
1038,9865
1039,7334
1044,1559
1044,2705
1045,2506
1047,4301
1047,6939
1048,2492
1048,6310
1049,9238
1050,7977
1052,1655
1054,1674
1054,4193
1054,5269
1054,6162
1055,8838
1056,6981
1059,6957
1060,276
1061,4429
1061,7800
1061,9643
1063,5675
1064,3124
1067,3074
1068,9751
1069,4070
1069,5401
1072,4496
1072,9399
1075,8386
1078,5070
1078,7587
1079,688
1084,1161
1086,1969
1088,4089
1091,9741
1096,1476
1100,5634
1100,8494
1103,3252
1104,9393
1106,1293
1107,4029
1107,6108
1112,9666
1114,2696
1115,6732
1117,4526
1117,6733
1117,9935
1119,1728
1121,984
1121,2539
1122,7318
1123,8970
1128,2549
1129,5190
1131,2695
1133,7780
1140,9386
1141,2416
1141,9758
1142,3883
1144,5110
1147,764
1147,4184
1147,9501
1149,269
1149,2884
1150,6902
1151,4717
1153,4580
1157,1028
1160,947
1160,4500
1161,1084
1161,8912
1163,1720
1164,1581
1168,1569
1169,6896
1171,7577
1173,8266
1175,4281
1175,6951
1177,521
1178,1437
1180,7416
1185,5067
1187,9273
1188,7738
1190,1026
1190,1981
1191,9868
1193,1463
1194,4579
1194,6091
1194,6916
1199,8888
1200,1833
1200,4645
1201,4750
1202,842
1202,4595
1202,5329
1202,7490
1206,2274
1208,5503
1210,5009
1213,7213
1219,2560
1220,7127
1221,8120
1223,1986
1228,2207
1229,854
1230,2428
1235,7168
1237,7640
1241,4777
1245,2879
1245,6892
1248,8303
1249,6483
1250,4573
1251,8956
1254,4911
1256,2553
1257,2934
1261,6965
1262,1034
1264,446
1264,8221
1265,6537
1270,7820
1271,6098
1272,607
1274,8572
1276,2272
1276,2734
1277,1003
1277,6226
1281,5959
1286,1398
1286,4295
1287,617
1288,439
1288,4915
1289,9311
1291,568
1291,2082
1291,8804
1293,1106
1295,1348
1295,2334
1295,6768
1296,8521
1298,5081
1300,5275
1302,5602
1304,881
1306,6918
1307,7874
1309,3969
1310,6896
1312,2746
1313,3755
1313,5898
1314,4989
1318,6977
1321,5945
1326,3191
1326,9304
1328,6159
1328,6334
1332,2305
1337,4752
1342,2844
1342,4446
1342,8936
1342,9644
1346,9555
1347,188
1347,5295
1348,1295
1348,8516
1349,713
1350,5334
1355,2872
1358,8034
1359,478
1363,3181
1364,2172
1365,5633
1366,3391
1366,9917
1367,2218
1368,9433
1372,450
1374,8115
1376,952
1379,7512
1383,122
1384,8301
1387,9293
1388,5874
1390,3103
1392,5153
1394,1612
1397,6522
1398,1286
1401,2282
1403,345
1404,4818
1406,8330
1408,3130
1410,6079
1410,7984
1412,4609
1414,5478
1415,2393
1415,4568
1418,430
1422,9567
1427,5841
1428,816
1430,3752
1433,1488
1435,5195
1435,5974
1437,1178
1439,6334
1442,8782
1443,7397
1444,6788
1444,7044
1447,567
1447,7955
1448,512
1450,3936
1450,4482
1451,8927
1452,568
1453,6922
1453,9038
1457,862
1457,3041
1458,2609
1460,1004
1460,8839
1463,1193
1464,9171
1469,1751
1469,6855
1472,3530
1472,6336
1472,9532
1474,3610
1474,4628
1476,1096
1483,418
1483,2045
1483,6671
1483,8897
1484,377
1485,8585
1486,8059
1488,1433
1488,4951
1491,6306
1493,8325
1493,8566
1493,9843
1498,9315
1499,6034
1499,8209
1501,7509
1504,1559
1504,6240
1505,9544
1506,2833
1506,6104
1508,3387
1508,6477
1512,3280
1512,9506
1515,4256
1515,5727
1516,6827
1516,8237
1517,2138
1517,3696
1518,8061
1520,5179
1523,1909
1523,8430
1524,3571
1525,8029
1529,9110
1531,2774
1531,4036
1535,5991
1535,8728
1536,7879
1537,7907
1538,4870
1541,8299
1542,7358
1543,6305
1545,2865
1549,9818
1550,1636
1550,1767
1550,2022
1550,7200
1551,4092
1552,3859
1554,3264
1554,4875
1555,4597
1559,1044
1559,1504
1559,6219
1561,8046
1562,7160
1566,6252
1567,7252
1569,1168
1570,2389
1570,7035
1574,276
1575,853
1577,7552
1578,8809
1579,1612
1579,8497
1581,1164
1582,4247
1582,4955
1584,2307
1586,4251
1589,2529
1590,7311
1590,8068
1591,6996
1591,8654
1592,2869
1594,6778
1594,7024
1595,7827
1600,4918
1600,9506
1601,3818
1607,2351
1608,3242
1610,1640
1612,1394
1612,1579
1613,5786
1614,3649
1619,5764
1621,808
1622,3328
1623,7753
1624,2622
1626,1003
1627,2861
1628,6048
1633,4651
1636,1550
1636,9083
1637,9515
1640,1610
1643,4686
1644,2290
1647,4421
1648,889
1652,805
1653,5041
1655,1052
1655,7647
1657,7715
1661,8690
1662,3231
1667,6574
1668,5799
1668,7128
1668,7554
1668,7640
1670,4370
1671,4395
1673,1950
1674,1054
1674,3588
1682,4132
1682,4871
1683,8782
1685,776
1685,2203
1693,2888
1693,6471
1695,22
1696,5276
1698,408
1700,3232
1700,5798
1701,6223
1704,9203
1705,7557
1707,2494
1707,2971
1707,3789
1707,7069
1708,718
1708,4507
1710,5648
1711,642
1711,5521
1714,8012
1718,953
1720,1163
1724,9884
1726,816
1727,2567
1727,6712
1728,1119
1728,2394
1728,5605
1729,7796
1729,9644
1731,136
1731,5250
1732,6573
1733,6994
1734,6326
1735,4911
1736,5532
1739,272
1739,6249
1742,9205
1744,779
1744,8228
1750,3338
1751,1469
1751,6278
1752,9778
1757,9030
1758,2789
1759,4770
1762,831
1762,1002
1765,6139
1767,1550
1767,3502
1767,9235
1769,5508
1769,8602
1770,2887
1770,8170
1772,4143
1773,3297
1774,3541
1774,9909
1775,5737
1777,4637
1779,646
1780,7973
1782,858
1782,4136
1785,7183
1787,9470
1788,935
1790,7576
1790,8962
1791,9308
1792,6250
1796,2155
1796,4070
1797,6519
1799,2083
1800,1009
1800,5519
1802,5771
1804,7209
1805,5735
1806,5828
1808,8644
1809,2485
1810,7173
1811,9247
1815,4343
1816,9106
1818,5182
1818,9054
1819,5392
1821,856
1824,7930
1828,4307
1829,2588
1829,4149
1832,7570
1833,1200
1834,2445
1835,4966
1836,4310
1836,5789
1836,6949
1839,7006
1839,9776
1840,4356
1840,5619
1841,6211
1844,4159
1848,4460
1848,4943
1848,8210
1853,2739
1856,574
1864,906
1864,8462
1866,6308
1867,3012
1868,811
1868,6743
1868,9198
1871,6673
1873,1925
1874,455
1874,4767
1876,9180
1879,3669
1879,9979
1883,8470
1887,4293
1889,2381
1889,2917
1890,5302
1891,6907
1893,2837
1896,2476
1899,4762
1899,5936
1899,7300
1901,5551
1902,7720
1905,96
1909,217
1909,1523
1909,6169
1910,549
1911,188
1911,2227
1912,2847
1912,7458
1917,2921
1919,6148
1922,4217
1922,9447
1923,4144
1925,1873
1925,6443
1926,3027
1934,961
1936,146
1936,2725
1936,6467
1946,4042
1946,6037
1947,3629
1950,1673
1953,8236
1957,3322
1957,9991
1959,6264
1960,7202
1961,9953
1965,6940
1968,3306
1969,1086
1970,3417
1973,3161
1973,4916
1973,6646
1976,9227
1979,5383
1981,1190
1981,9761
1983,4855
1984,6339
1985,9337
1986,1223
1986,3344
1987,3926
1988,9215
1991,5558
1992,4552
1992,8083
1995,562
1995,2148
1995,8918
1997,2098
1998,6280
1999,3321
1999,9101
2001,6130
2005,2493
2006,2157
2012,9291
2014,7831
2015,7690
2021,594
2021,2744
2022,1550
2022,9998
2023,9345
2024,6107
2025,393
2025,4684
2025,7991
2025,8611
2027,6139
2028,8069
2029,3562
2029,4467
2031,2168
2031,4097
2031,8527
2032,8466
2035,919
2036,2041
2040,4086
2040,9194
2041,2036
2044,6957
2045,1483
2047,5883
2047,6734
2047,7958
2049,6026
2051,984
2053,8220
2055,873
2055,4446
2056,3011
2056,4080
2056,9531
2058,9186
2059,2641
2060,4238
2063,2641
2067,822
2069,2669
2069,2982
2071,7995
2071,8373
2072,3372
2073,8856
2076,5449
2077,9332
2078,5938
2078,6097
2079,4818
2080,2579
2082,343
2082,1291
2082,8016
2083,1799
2083,5361
2084,5076
2087,4310
2089,4160
2090,4308
2090,7530
2092,4417
2092,8414
2093,16
2097,4607
2098,1008
2098,1997
2098,8361
2102,4413
2103,498
2103,6129
2104,8330
2106,8506
2109,5029
2109,7260
2110,9498
2115,6010
2115,9414
2116,892
2116,4829
2119,5200
2120,4242
2120,6276
2120,6369
2121,723
2121,2959
2123,5460
2124,4770
2127,8843
2128,4361
2130,7615
2131,2881
2132,4529
2133,8566
2137,5178
2138,1517
2139,312
2141,6579
2141,8679
2142,7421
2146,5022
2147,8715
2148,1995
2149,5645
2151,9447
2152,576
2152,5919
2154,3547
2155,1796
2157,2006
2162,9122
2165,4714
2166,5510
2168,2031
2169,5176
2170,5779
2172,1364
2173,4151
2177,2546
2177,4260
2179,4354
2180,511
2187,701
2189,7452
2190,332
2192,6717
2200,8949
2202,8093
2203,1685
2204,6827
2205,2585
2206,224
2207,1228
2208,5665
2210,5970
2211,5547
2212,5073
2213,3601
2216,2741
2217,9109
2218,1367
2219,3374
2223,822
2224,8966
2225,5646
2227,1911
2227,8883
2236,9137
2237,3760
2242,357
2242,7475
2243,4430
2243,6988
2246,3711
2246,3726
2246,5932
2248,9757
2253,816
2257,154
2258,2578
2267,6673
2268,744
2272,1276
2273,6458
2273,6522
2274,1206
2274,5327
2276,5976
2277,7530
2280,3164
2282,1401
2283,893
2290,1644
2293,8016
2295,2888
2297,2346
2298,4865
2299,7038
2300,5969
2305,1332
2306,3058
2306,3692
2307,1584
2307,5430
2309,5814
2313,7648
2314,9856
2316,5073
2317,8038
2318,2745
2319,1008
2319,8192
2320,4743
2321,8071
2323,1001
2323,9537
2329,4639
2330,4770
2331,7062
2334,1295
2335,2564
2337,2651
2341,8176
2345,2603
2346,2297
2348,6669
2349,4222
2350,4203
2351,1607
2351,6271
2354,425
2355,587
2357,6834
2362,3307
2362,3669
2363,4246
2364,2511
2365,8506
2366,622
2366,6678
2375,728
2377,9901
2378,3651
2381,1889
2381,4754
2388,6964
2389,1570
2392,3258
2393,1415
2394,1728
2396,9655
2398,5772
2399,2715
2401,2821
2404,5154
2407,775
2408,9113
2411,9870
2413,6893
2416,1141
2416,4346
2416,7405
2417,3921
2417,6069
2418,4006
2419,6133
2422,2747
2423,9752
2424,433
2424,3664
2428,1230
2428,4066
2429,4456
2429,6740
2430,404
2434,6244
2435,3530
2437,7337
2438,7012
2438,7196
2439,4933
2441,988
2441,6183
2443,6026
2443,9691
2445,1834
2445,3312
2450,9120
2451,4109
2453,7352
2454,3599
2457,7536
2458,5531
2459,3572
2461,38
2461,3340
2464,7008
2466,36
2466,9691
2468,9931
2472,153
2472,6150
2473,5924
2473,6118
2473,8012
2476,1896
2477,3821
2479,9194
2480,961
2482,8860
2483,8564
2485,1809
2485,3810
2486,5489
2487,3005
2488,578
2488,8123
2492,1048
2492,8043
2493,2005
2494,1707
2496,2936
2497,3891
2501,8882
2503,4837
2504,9137
2505,7377
2506,1045
2509,501
2510,109
2511,2364
2513,6696
2514,5633
2519,8356
2521,762
2521,9497
2522,8702
2524,157
2524,6198
2526,2975
2529,1589
2532,4114
2532,7900
2539,1121
2540,753
2541,7065
2542,5946
2543,6809
2546,2177
2546,3018
2547,4569
2547,5792
2548,7581
2549,1128
2550,5063
2550,8841
2552,7946
2553,1256
2554,783
2558,6241
2560,1219
2564,2335
2564,5101
2567,1727
2567,9409
2573,738
2574,6660
2574,6679
2576,3052
2578,2258
2579,2080
2579,3659
2580,7452
2584,229
2585,2205
2585,4481
2587,3643
2588,1829
2588,8126
2589,5093
2591,5877
2592,5771
2594,771
2600,765
2602,4661
2602,9871
2603,2345
2603,3752
2606,4952
2609,1458
2611,3833
2611,4592
2612,5076
2612,6295
2613,7561
2614,9327
2615,3955
2617,7541
2618,5465
2619,9743
2621,3880
2622,1624
2622,9013
2623,9838
2628,2692
2629,4018
2629,7117
2630,2741
2632,6266
2635,6329
2635,8518
2637,9273
2640,6539
2641,2059
2641,2063
2642,8073
2644,7292
2645,6832
2646,5271
2646,7151
2646,9900
2649,5957
2651,2337
2656,6949
2658,8882
2659,754
2660,5162
2661,2795
2664,588
2669,2069
2669,5071
2671,3885
2673,508
2679,7811
2680,7565
2681,9265
2684,3128
2684,8746
2689,8999
2691,6779
2692,2628
2693,211
2694,8788
2695,1131
2695,3705
2696,1114
2696,2961
2697,7026
2698,9172
2700,3613
2703,5549
2704,8056
2705,1044
2705,4329
2708,414
2708,3959
2709,7079
2709,8517
2712,4838
2713,6302
2714,9688
2715,2399
2716,4091
2716,9286
2718,7627
2720,6995
2720,7741
2722,5602
2725,1936
2725,6622
2728,7925
2733,5707
2734,1276
2734,8110
2739,1853
2740,6351
2741,2216
2741,2630
2741,9312
2744,2021
2744,8182
2745,2318
2745,4198
2746,1312
2747,2422
2749,8728
2750,112
2750,895
2750,5516
2750,6544
2751,6529
2751,7498
2751,9737
2752,7687
2756,2790
2756,4175
2756,8942
2757,9530
2763,9019
2766,4689
2766,8028
2767,6807
2767,8333
2767,9160
2768,49
2770,8076
2772,9246
2773,287
2774,1531
2774,7406
2775,3387
2776,5643
2776,7516
2777,3922
2778,9858
2782,9491
2783,9916
2784,7805
2786,9333
2788,6212
2789,1758
2789,7310
2790,483
2790,2756
2792,3859
2793,7897
2793,9101
2795,2661
2795,7835
2798,5533
2798,6698
2799,2893
2799,6679
2800,8437
2803,7786
2804,7489
2808,8188
2813,2868
2813,5449
2815,3248
2816,5162
2821,2401
2822,4817
2823,3108
2823,6592
2827,3548
2828,9608
2832,7381
2833,1506
2836,6345
2837,1893
2838,5230
2839,9971
2840,7566
2841,3988
2843,563
2844,1342
2844,3196
2844,7254
2846,3943
2847,1912
2849,4569
2850,4188
2857,8729
2858,1002
2858,3126
2861,1627
2861,8416
2864,8340
2865,1545
2866,523
2867,6627
2868,2813
2868,8127
2869,1592
2872,1355
2872,4633
2873,5907
2879,1245
2880,9594
2881,2131
2881,8809
2883,8778
2884,1149
2887,1770
2888,1693
2888,2295
2889,3711
2893,1026
2893,2799
2896,4383
2899,7437
2904,7720
2904,9033
2906,7422
2908,3347
2911,3172
2912,9181
2913,5092
2916,9148
2917,1889
2919,5622
2921,1917
2921,4869
2921,5894
2923,8826
2924,6637
2931,9127
2931,9967
2932,3248
2933,4145
2933,9813
2934,1257
2935,4617
2935,9882
2936,2496
2937,9595
2940,3240
2942,3133
2944,61
2950,5266
2952,4037
2954,210
2954,9507
2957,8515
2957,8647
2959,2121
2959,7541
2961,2696
2961,3383
2963,551
2965,7037
2970,4956
2971,781
2971,1707
2973,3028
2975,68
2975,2526
2977,594
2977,8670
2982,2069
2984,3464
2995,3011
2996,7952
2997,7165
3000,8888
3002,7013
3002,9696
3005,2487
3010,4153
3010,6066
3010,9216
3011,2056
3011,2995
3012,1867
3017,4863
3018,2546
3020,143
3020,5767
3021,541
3021,3251
3021,3472
3022,6953
3023,7248
3024,4822
3027,1926
3027,8250
3028,2973
3031,7086
3032,7806
3033,5813
3034,5861
3035,6803
3037,5633
3037,5850
3038,3451
3041,1457
3042,7738
3048,6775
3051,4759
3051,9444
3052,2576
3054,6308
3055,3793
3058,2306
3058,7558
3058,8643
3060,7492
3060,8129
3061,5084
3061,7245
3063,5548
3065,921
3072,7320
3074,1067
3075,8176
3077,4889
3078,3317
3082,4182
3084,3283
3085,6142
3086,8335
3088,5756
3092,5611
3093,9561
3094,327
3097,6995
3097,7657
3100,9862
3101,3174
3103,1390
3106,5519
3108,2823
3108,3363
3110,3887
3112,6893
3114,8923
3115,5067
3118,644
3124,1064
3125,5450
3126,2858
3127,4517
3127,6133
3128,2684
3129,8414
3130,1408
3130,4157
3131,5479
3132,261
3133,945
3133,2942
3133,7954
3139,6716
3143,9811
3154,7574
3157,4689
3158,5948
3161,1973
3161,5477
3163,5552
3164,2280
3167,6752
3172,2911
3172,9773
3173,659
3174,3101
3175,3472
3176,4113
3180,8021
3181,1363
3183,6555
3184,7020
3191,375
3191,1326
3196,2844
3196,4131
3202,8769
3204,3248
3204,4910
3209,7716
3211,6467
3213,3554
3216,729
3218,7349
3218,8473
3220,7340
3223,8065
3224,5200
3224,9510
3225,3528
3228,6695
3231,1662
3231,5589
3232,1700
3233,601
3234,6676
3239,6818
3240,2940
3242,1608
3242,4957
3248,2815
3248,2932
3248,3204
3250,3956
3251,3021
3251,8239
3252,341
3252,1103
3258,2392
3258,8254
3263,142
3263,7229
3264,1554
3270,5863
3270,7011
3278,6240
3279,6873
3280,1512
3283,3084
3287,4946
3288,7935
3292,108
3292,8699
3293,9432
3294,642
3294,9822
3296,4853
3297,1773
3298,6171
3300,4158
3300,6273
3302,7838
3303,7055
3306,1968
3307,2362
3308,6161
3311,4928
3311,6497
3312,780
3312,2445
3312,4162
3317,3078
3320,8710
3321,1999
3322,1957
3322,7273
3324,9874
3328,1622
3330,7018
3331,5403
3333,9161
3338,1750
3338,8607
3339,4073
3340,2461
3340,5864
3344,1986
3344,4021
3345,8076
3347,2908
3349,8110
3349,8186
3351,7427
3359,6887
3359,9634
3362,3577
3362,8028
3363,3108
3363,8633
3366,3640
3366,8860
3368,7145
3372,2072
3373,6721
3374,2219
3382,4438
3383,2961
3383,4763
3384,8758
3387,1508
3387,2775
3388,4118
3388,4502
3391,1366
3393,7099
3394,8278
3395,8209
3400,3853
3400,9966
3405,4110
3411,863
3412,9612
3414,4721
3417,1970
3427,79
3428,5954
3433,6302
3434,852
3434,6767
3436,5936
3440,6346
3443,7520
3443,8224
3449,3779
3450,4637
3450,6663
3450,6869
3451,3038
3452,9387
3454,4802
3454,5267
3458,90
3459,6362
3460,3729
3462,419
3462,689
3462,7219
3463,8886
3464,2984
3464,4630
3469,9749
3472,3021
3472,3175
3477,6321
3478,5747
3481,6005
3481,9521
3482,4343
3482,7234
3482,7784
3483,6996
3486,4170
3486,5776
3498,8397
3499,168
3502,1767
3502,9353
3513,4137
3517,4482
3522,5110
3525,7701
3528,3225
3529,7419
3530,1472
3530,2435
3530,7930
3537,4789
3541,1774
3543,4348
3543,4840
3547,2154
3548,2827
3548,5876
3548,8063
3548,9177
3549,3802
3552,5425
3554,3213
3555,5901
3561,4751
3561,5803
3562,2029
3563,615
3563,4887
3564,6889
3566,5135
3568,5950
3568,6132
3568,9791
3571,1524
3572,2459
3577,3362
3578,856
3581,1006
3583,7209
3587,5657
3588,1674
3589,6792
3591,8992
3592,4804
3593,8455
3594,5304
3595,5141
3595,7925
3599,2454
3600,3770
3601,2213
3602,650
3603,4205
3604,5851
3604,8148
3610,1474
3611,385
3611,5957
3611,8259
3613,2700
3613,9160
3614,3695
3618,8971
3629,1947
3629,9914
3632,5522
3632,7180
3632,9402
3633,3712
3635,8765
3640,896
3640,3366
3643,2587
3644,7690
3645,6427
3646,8915
3649,1614
3651,2378
3654,3864
3659,2579
3660,8630
3664,2424
3666,4928
3666,9201
3669,1879
3669,2362
3672,8462
3673,8633
3674,940
3675,8843
3678,7757
3679,8970
3682,222
3683,504
3687,146
3687,4625
3690,6844
3692,2306
3694,7259
3695,3614
3695,8760
3696,1517
3696,7624
3696,8339
3697,8537
3700,7461
3702,19
3705,2695
3705,7873
3709,5436
3711,2246
3711,2889
3712,3633
3712,8173
3713,965
3713,6163
3717,6338
3717,6385
3717,9002
3719,6081
3720,6919
3723,3982
3726,2246
3729,3460
3729,4779
3730,6389
3730,9340
3734,4149
3736,6873
3737,8988
3739,4264
3742,82
3745,8216
3747,5467
3747,7459
3752,1430
3752,2603
3753,6465
3753,6482
3754,50
3754,8942
3755,1313
3760,2237
3762,8125
3763,4063
3765,89
3765,4149
3766,8283
3769,7955
3770,3600
3770,7003
3771,6049
3772,516
3774,3778
3776,6193
3777,8254
3778,3774
3778,4277
3779,3449
3781,933
3782,5932
3789,1707
3790,4226
3793,3055
3794,4856
3796,9849
3798,9433
3801,8051
3802,3549
3810,2485
3811,217
3813,5990
3815,7125
3817,9994
3818,1601
3819,5642
3819,9686
3820,7932
3821,2477
3824,7426
3825,62
3827,7353
3829,6233
3831,4626
3833,2611
3834,7106
3839,7867
3840,743
3840,980
3841,548
3844,4175
3844,4799
3850,4417
3853,633
3853,3400
3854,4524
3854,5417
3854,9854
3855,9694
3859,1552
3859,2792
3861,9356
3864,3654
3865,9637
3866,8118
3867,8584
3869,9846
3870,8725
3871,9028
3871,9241
3872,8198
3874,5241
3877,9839
3879,5771
3879,7133
3880,2621
3881,710
3883,1142
3884,6294
3885,2671
3886,4516
3886,4645
3887,3110
3888,8109
3889,6466
3891,2497
3895,3951
3896,4204
3896,7628
3898,9223
3900,6252
3901,9400
3902,7460
3903,5890
3907,9327
3912,6389
3912,9685
3913,6021
3918,5247
3919,9713
3920,5378
3921,2417
3921,4461
3922,961
3922,2777
3925,6571
3926,1987
3928,5074
3928,7715
3930,9739
3932,6389
3934,4748
3935,5383
3936,1450
3936,9218
3941,6047
3941,9314
3943,2846
3943,6390
3949,6747
3951,3895
3952,6142
3953,6215
3955,57
3955,2615
3956,3250
3956,9244
3959,2708
3959,5114
3960,7998
3964,9516
3964,9966
3967,4311
3969,1309
3970,9548
3973,6476
3973,7261
3975,6811
3981,4068
3982,3723
3982,8230
3985,879
3987,4109
3988,2841
3989,803
3990,377
3993,4609
3996,8331
3997,8515
3998,23
4000,4233
4002,5996
4003,4942
4003,7209
4004,5800
4006,2418
4007,1010
4008,7201
4010,7633
4013,8259
4014,4704
4014,7782
4015,8359
4017,7332
4018,2629
4019,7902
4021,3344
4022,6812
4022,9858
4027,7965
4027,8916
4029,1107
4031,4509
4031,7300
4031,8875
4036,1531
4037,2952
4037,5024
4040,5311
4042,1946
4044,4409
4049,6808
4050,6342
4054,7345
4055,4093
4061,6030
4061,6244
4063,3763
4064,4360
4066,2428
4068,3981
4070,1069
4070,1796
4073,3339
4073,5421
4073,8048
4079,7724
4080,2056
4080,9871
4081,7986
4081,9419
4084,8141
4085,9955
4086,2040
4089,1088
4089,6555
4091,2716
4092,1551
4093,4055
4097,2031
4102,6611
4104,9405
4106,6192
4107,4457
4107,6991
4107,8403
4109,2451
4109,3987
4109,7182
4110,3405
4110,7402
4113,3176
4113,5341
4114,2532
4114,8280
4115,7382
4116,4730
4117,9697
4118,3388
4119,993
4125,9791
4126,8367
4131,229
4131,3196
4132,1682
4132,9971
4134,517
4136,1782
4136,5906
4137,3513
4138,5212
4140,7593
4140,8770
4142,853
4143,1772
4144,1923
4145,2933
4145,9992
4149,1829
4149,3734
4149,3765
4151,2173
4153,3010
4153,8729
4155,4611
4156,4193
4157,3130
4158,3300
4159,1844
4160,2089
4160,5504
4160,9029
4162,3312
4164,4924
4165,254
4165,9205
4168,5854
4170,3486
4172,9222
4175,2756
4175,3844
4175,7918
4178,9916
4180,9670
4182,3082
4182,7469
4183,968
4184,1147
4184,4313
4186,5600
4188,2850
4190,8050
4191,4692
4191,5931
4193,1054
4193,4156
4197,7757
4198,440
4198,2745
4198,8740
4203,2350
4204,3896
4205,3603
4207,4211
4211,4207
4216,987
4217,1922
4218,9767
4220,9381
4221,8651
4222,2349
4222,5989
4224,4865
4224,6761
4226,3790
4228,4629
4233,4000
4234,7640
4238,2060
4242,2120
4244,9852
4245,590
4245,9412
4246,2363
4246,8245
4247,1582
4250,256
4250,8827
4251,1586
4254,9498
4256,1515
4260,2177
4261,5853
4261,9239
4264,3739
4265,7664
4265,8196
4267,6285
4267,9949
4273,7433
4273,9364
4273,9604
4277,727
4277,3778
4277,9535
4278,4585
4281,1175
4281,8009
4282,525
4283,5755
4283,8146
4283,8506
4286,9324
4288,8944
4292,128
4292,7491
4292,9631
4293,1887
4293,6323
4294,9562
4295,1286
4297,8433
4301,1047
4307,1828
4307,6901
4308,2090
4308,8891
4310,1836
4310,2087
4311,3967
4313,4184
4313,8449
4314,12
4315,9823
4316,5897
4320,7955
4322,7146
4324,9457
4328,9372
4329,2705
4329,4913
4331,69
4341,7828
4343,1815
4343,3482
4343,5065
4344,9741
4346,90
4346,717
4346,2416
4347,666
4347,4483
4348,3543
4348,6191
4351,9617
4354,2179
4354,7225
4354,9202
4355,7344
4356,1840
4357,9974
4360,4064
4361,2128
4362,9217
4363,964
4363,7173
4367,7136
4370,1670
4371,7040
4372,5319
4372,7967
4373,6255
4374,6925
4374,7411
4380,8180
4383,2896
4389,9282
4390,9626
4392,5207
4395,1671
4396,4820
4401,7389
4404,7317
4404,8293
4409,4044
4411,5362
4413,2102
4413,9155
4414,7472
4415,5683
4415,6620
4417,2092
4417,3850
4417,5178
4421,1647
4423,4989
4424,6686
4424,8846
4429,1061
4429,5175
4430,2243
4431,7604
4432,7812
4433,6841
4434,5215
4436,9345
4438,3382
4438,9495
4439,8154
4440,4949
4440,5947
4443,7767
4445,4704
4446,1342
4446,2055
4447,9095
4450,6969
4454,5032
4456,2429
4456,5929
4457,4107
4458,566
4460,1848
4460,4859
4460,9225
4461,3921
4461,7697
4461,9017
4462,9316
4467,2029
4475,7648
4476,8186
4477,6609
4479,5026
4480,6866
4481,2585
4481,5757
4481,6866
4482,1450
4482,3517
4482,5169
4483,4347
4483,9728
4487,375
4491,8393
4494,7885
4495,4916
4496,1072
4497,9713
4498,4692
4500,1160
4502,3388
4506,4754
4507,1708
4507,7780
4509,4031
4512,7570
4513,7824
4516,224
4516,3886
4517,3127
4524,3854
4524,9392
4526,1117
4529,2132
4529,7000
4530,9866
4532,5180
4535,9983
4537,93
4542,298
4547,8884
4550,101
4551,8209
4552,1992
4553,5
4553,9129
4555,7571
4557,9633
4560,5055
4561,5548
4561,9976
4563,714
4563,7499
4567,4638
4568,1415
4569,2547
4569,2849
4570,6909
4573,1250
4573,8891
4577,8424
4579,1194
4580,1153
4581,563
4582,7591
4585,4278
4592,2611
4592,9522
4593,355
4595,1202
4596,4936
4597,1555
4598,8118
4599,5540
4600,6081
4602,5072
4602,5437
4607,2097
4609,1412
4609,3993
4611,4155
4612,6017
4612,7671
4617,2935
4619,7676
4622,7974
4625,3687
4625,5357
4625,7148
4626,3831
4628,1474
4629,4228
4630,3464
4633,2872
4633,9395
4637,1777
4637,3450
4638,4567
4639,2329
4639,5179
4643,8618
4644,9539
4645,1200
4645,3886
4651,1633
4654,7836
4654,8031
4655,7042
4659,6351
4661,2602
4662,6320
4664,4835
4670,5703
4680,7259
4680,8026
4681,9255
4684,2025
4684,9448
4686,1643
4687,5797
4689,2766
4689,3157
4692,4191
4692,4498
4693,8498
4698,8490
4699,5151
4704,4014
4704,4445
4706,6245
4712,6780
4712,9212
4714,2165
4714,7297
4717,1151
4721,833
4721,3414
4722,8169
4722,9847
4727,709
4728,699
4729,5959
4730,4116
4731,7061
4737,9093
4738,9550
4740,7527
4741,6315
4742,5600
4743,2320
4748,3934
4750,1201
4751,3561
4752,1337
4754,2381
4754,4506
4754,8689
4757,240
4759,3051
4759,8462
4760,9180
4760,9811
4761,690
4762,712
4762,1899
4763,3383
4764,15
4765,857
4767,1874
4767,9439
4770,1759
4770,2124
4770,2330
4770,7929
4771,823
4773,7347
4774,9960
4777,1241
4779,3729
4782,7158
4783,775
4789,3537
4789,7630
4793,8029
4795,402
4795,9915
4798,9059
4799,3844
4799,8820
4802,3454
4804,3592
4804,8143
4807,5320
4812,287
4812,7491
4817,2822
4818,1404
4818,2079
4820,4396
4822,3024
4824,9478
4825,9830
4829,2116
4832,6486
4835,4664
4837,2503
4838,2712
4840,3543
4840,6980
4843,9333
4853,3296
4854,9467
4855,1983
4856,3794
4856,7101
4859,4460
4862,5612
4863,3017
4865,77
4865,2298
4865,4224
4869,2921
4870,1538
4870,6157
4871,1682
4872,9204
4874,1007
4875,1554
4875,8548
4877,294
4881,8
4884,336
4884,628
4887,3563
4889,3077
4891,4980
4894,846
4898,8204
4904,754
4910,3204
4910,7294
4911,1254
4911,1735
4913,4329
4914,6139
4915,1288
4915,5804
4916,1973
4916,4495
4918,1600
4920,6946
4923,819
4924,4164
4925,5878
4928,3311
4928,3666
4929,9333
4929,9661
4931,9451
4932,9002
4933,2439
4934,5101
4936,4596
4937,5186
4941,6579
4942,4003
4943,1848
4943,8898
4946,3287
4947,818
4949,4440
4950,9774
4951,1488
4951,7498
4952,543
4952,2606
4955,1582
4956,2970
4957,3242
4957,7062
4960,6487
4962,323
4962,6711
4963,6592
4966,1835
4966,6108
4967,6956
4970,8744
4974,6534
4975,7792
4977,5167
4980,4891
4981,8261
4985,5796
4987,7211
4989,1314
4989,4423
4992,7785
4997,6480
4997,8704
5007,1038
5008,7877
5009,1210
5010,5036
5010,8091
5012,7738
5015,5726
5015,8506
5016,8710
5017,9190
5019,261
5022,2146
5023,6101
5024,4037
5026,4479
5028,6467
5029,2109
5032,4454
5032,5113
5032,5250
5032,6130
5035,6684
5036,5010
5036,5862
5041,1653
5045,8509
5053,5453
5055,4560
5056,6944
5060,6189
5063,2550
5063,5136
5065,4343
5067,1185
5067,3115
5070,1078
5071,2669
5072,4602
5073,2212
5073,2316
5074,3928
5074,5560
5074,8098
5076,2084
5076,2612
5078,6529
5081,1298
5082,7598
5084,3061
5084,5922
5084,7682
5085,8807
5091,5223
5091,6669
5092,2913
5092,9504
5093,2589
5097,7495
5101,2564
5101,4934
5104,8713
5108,7271
5110,1144
5110,3522
5113,5032
5114,3959
5115,5844
5121,7972
5125,378
5125,8530
5126,7551
5127,7784
5128,9118
5129,9662
5135,3566
5136,5063
5141,3595
5141,6577
5150,9760
5151,4699
5153,1392
5153,8388
5154,2404
5156,6289
5156,8394
5157,8280
5161,7333
5162,2660
5162,2816
5163,6551
5163,8385
5164,5395
5165,6377
5167,4977
5167,9548
5168,5553
5169,929
5169,4482
5171,9394
5172,5274
5172,5472
5175,4429
5176,2169
5177,9133
5177,9554
5178,2137
5178,4417
5179,1520
5179,4639
5179,8308
5180,4532
5181,7480
5182,1818
5182,6731
5183,5910
5183,8853
5184,659
5186,4937
5187,362
5189,8468
5190,1129
5194,507
5195,1435
5200,2119
5200,3224
5204,9072
5207,4392
5209,9390
5212,4138
5214,7067
5215,4434
5219,7042
5220,7364
5222,7503
5223,5091
5224,5705
5224,7538
5226,5571
5229,7174
5230,2838
5239,7419
5240,6824
5241,3874
5242,8669
5242,9257
5244,8277
5247,3918
5247,8015
5248,9330
5250,1731
5250,5032
5251,6011
5253,8285
5258,423
5259,6718
5259,8147
5262,5486
5262,6998
5263,147
5265,1030
5266,2950
5267,3454
5269,1054
5271,2646
5274,5172
5275,1300
5276,1696
5277,7213
5283,6285
5284,152
5285,8372
5286,7587
5287,8861
5290,5394
5290,8140
5292,8080
5295,1347
5296,159
5296,5388
5299,5821
5300,5850
5302,1890
5302,8372
5302,9602
5304,3594
5305,8071
5306,9606
5311,4040
5314,213
5315,5407
5317,6593
5319,4372
5320,4807
5322,9639
5327,2274
5328,7492
5329,1202
5331,1001
5332,9159
5334,1350
5338,9565
5341,4113
5341,7379
5341,7625
5345,7115
5351,7474
5356,5678
5357,4625
5360,6714
5361,2083
5362,4411
5364,731
5365,9740
5371,7190
5378,3920
5380,5758
5382,8119
5383,1979
5383,3935
5383,8070
5388,5296
5390,7977
5390,8994
5392,1819
5394,5290
5395,545
5395,5164
5395,8779
5397,702
5397,5495
5397,5496
5401,1069
5402,6413
5403,3331
5404,7529
5406,8436
5407,5315
5411,8995
5411,9682
5412,49
5412,609
5412,637
5417,3854
5418,5434
5421,4073
5421,8290
5421,8601
5425,3552
5430,675
5430,2307
5430,9518
5432,6061
5434,5418
5436,3709
5437,4602
5437,5527
5439,7200
5441,419
5443,667
5448,6000
5449,2076
5449,2813
5450,3125
5451,121
5452,6309
5453,5053
5460,2123
5463,5633
5463,9060
5465,2618
5465,5843
5467,3747
5470,6743
5470,8312
5471,6345
5471,9799
5472,5172
5474,9183
5474,9567
5475,201
5477,3161
5478,1414
5478,8069
5479,3131
5482,6706
5483,5485
5485,5483
5486,5262
5486,7373
5489,2486
5492,5677
5495,803
5495,5397
5496,1037
5496,5397
5499,6967
5502,7497
5503,1208
5503,7639
5504,4160
5506,923
5507,773
5507,6853
5508,1769
5510,2166
5511,8645
5514,9469
5516,2750
5519,1800
5519,3106
5521,1711
5522,3632
5527,5437
5531,2458
5532,1736
5533,2798
5533,5877
5534,7939
5535,6537
5536,7415
5540,4599
5540,8172
5541,36
5541,8106
5545,5994
5547,2211
5547,6548
5548,3063
5548,4561
5549,2703
5551,1901
5552,3163
5553,5168
5553,7274
5554,8912
5558,1991
5560,5074
5561,55
5564,7350
5567,6858
5567,6930
5571,5226
5576,8070
5580,7193
5580,8141
5582,935
5584,8677
5585,5692
5586,8304
5588,9495
5589,3231
5600,4186
5600,4742
5602,1302
5602,2722
5605,1728
5608,8567
5609,6661
5609,8318
5610,8032
5611,3092
5611,8324
5612,4862
5612,7175
5612,8400
5613,7667
5619,1840
5622,2919
5623,9999
5624,7323
5625,5972
5626,664
5627,7312
5629,6517
5633,1365
5633,2514
5633,3037
5633,5463
5634,1100
5636,5893
5642,3819
5643,2776
5644,546
5644,804
5645,2149
5646,2225
5648,1710
5655,9026
5656,1027
5657,3587
5661,6223
5661,7040
5663,121
5663,9648
5665,2208
5665,7914
5668,9172
5669,522
5672,8373
5675,1063
5676,9418
5677,5492
5678,5356
5680,8671
5683,4415
5686,6274
5687,8078
5691,7392
5692,5585
5696,79
5703,4670
5705,5224
5706,5978
5707,721
5707,2733
5707,6730
5710,8432
5711,9539
5714,9755
5716,6892
5716,7266
5717,1028
5723,9644
5726,5015
5727,1515
5730,8285
5733,7283
5734,9532
5735,1805
5737,1775
5741,7097
5742,7392
5747,3478
5750,9274
5751,6200
5755,4283
5756,3088
5756,6075
5757,4481
5758,5380
5759,8986
5763,8773
5764,1619
5764,7147
5766,5798
5767,3020
5770,9279
5771,1802
5771,2592
5771,3879
5772,2398
5772,8716
5774,7786
5776,3486
5779,2170
5780,6038
5786,1613
5787,9435
5789,1836
5792,2547
5795,7245
5796,4985
5797,4687
5798,1700
5798,5766
5799,1668
5800,4004
5801,6889
5803,3561
5803,6078
5804,4915
5808,172
5808,8649
5813,3033
5814,2309
5821,5299
5826,9120
5828,1806
5828,8333
5829,987
5831,182
5835,30
5836,7871
5841,450
5841,1427
5843,5465
5844,5115
5850,757
5850,3037
5850,5300
5851,3604
5853,199
5853,518
5853,4261
5854,4168
5858,6286
5859,851
5859,8810
5861,3034
5862,5036
5863,3270
5863,7387
5864,3340
5868,8854
5869,531
5871,52
5874,1388
5875,8371
5876,3548
5877,2591
5877,5533
5877,5887
5878,4925
5880,9469
5883,2047
5885,7370
5885,8355
5887,5877
5887,7740
5890,3903
5893,5636
5894,2921
5894,7551
5896,6065
5896,9227
5897,4316
5898,1313
5901,3555
5901,8936
5905,6790
5905,9977
5906,4136
5907,2873
5908,6311
5909,168
5910,5183
5919,2152
5922,5084
5924,2473
5929,4456
5929,6967
5929,7256
5931,4191
5931,6103
5932,2246
5932,3782
5932,7841
5934,9430
5936,1899
5936,3436
5938,733
5938,2078
5940,668
5945,1321
5946,2542
5947,4440
5948,3158
5950,3568
5951,231
5954,3428
5955,7065
5956,6169
5956,9850
5957,2649
5957,3611
5958,27
5959,1281
5959,4729
5960,6548
5963,6535
5966,491
5966,7177
5968,733
5969,354
5969,2300
5969,8096
5970,2210
5972,5625
5974,1435
5975,255
5976,2276
5976,8764
5978,5706
5988,6790
5989,4222
5989,9089
5990,127
5990,3813
5991,1535
5994,5545
5996,350
5996,4002
5998,194
6000,5448
6000,7757
6002,8814
6005,3481
6005,9504
6009,9724
6010,2115
6011,5251
6014,7754
6017,4612
6017,8975
6019,7775
6021,3913
6023,6761
6025,863
6026,2049
6026,2443
6027,8050
6029,6423
6030,4061
6030,8500
6034,1499
6037,1946
6038,5780
6038,6232
6040,8133
6041,555
6045,8997
6046,6495
6046,8139
6047,3941
6048,1628
6048,7445
6049,3771
6054,9038
6055,50
6056,8953
6061,5432
6061,6311
6065,5896
6066,3010
6066,6397
6066,7479
6069,2417
6073,6690
6075,5756
6077,9796
6078,5803
6079,1410
6081,3719
6081,4600
6081,6547
6082,7451
6087,282
6090,505
6091,1194
6092,6552
6093,8986
6097,2078
6098,1271
6098,9481
6101,5023
6103,5931
6104,1506
6105,8011
6107,2024
6107,8451
6108,1107
6108,4966
6108,7472
6113,9262
6116,6818
6118,2473
6121,8496
6123,772
6129,2103
6130,6
6130,78
6130,275
6130,2001
6130,5032
6132,3568
6133,2419
6133,3127
6139,1765
6139,2027
6139,4914
6139,7450
6142,3085
6142,3952
6148,1919
6150,2472
6151,9160
6153,9560
6154,8720
6155,6777
6156,9840
6157,4870
6159,1328
6161,3308
6162,1054
6163,3713
6164,6751
6169,1909
6169,5956
6170,9842
6171,3298
6174,414
6181,7563
6183,2441
6185,8002
6189,5060
6191,4348
6192,4106
6193,3776
6198,2524
6200,5751
6201,539
6201,6780
6204,9794
6208,8355
6209,456
6211,1841
6211,8430
6211,9517
6212,2788
6215,3953
6215,7985
6219,1559
6220,9025
6223,1701
6223,5661
6226,1277
6227,693
6231,246
6232,6038
6233,3829
6237,6992
6239,7833
6240,189
6240,1504
6240,3278
6241,27
6241,2558
6244,2434
6244,4061
6245,4706
6246,6982
6249,1739
6250,1792
6252,1566
6252,3900
6255,4373
6262,6343
6262,9064
6264,421
6264,1959
6266,2632
6269,7549
6271,2351
6273,3300
6274,5686
6276,2120
6278,1751
6280,1998
6282,9070
6285,4267
6285,5283
6286,5858
6289,5156
6294,3884
6295,2612
6298,8416
6299,8785
6302,2713
6302,3433
6304,8958
6305,1543
6306,1491
6308,1866
6308,3054
6309,5452
6310,1048
6311,5908
6311,6061
6312,6673
6313,6457
6315,4741
6316,8953
6320,4662
6321,3477
6321,7357
6321,8507
6323,412
6323,4293
6324,361
6326,1734
6329,2635
6330,804
6334,1328
6334,1439
6336,1472
6336,7164
6337,6450
6338,3717
6339,1984
6342,4050
6343,6262
6345,2836
6345,5471
6346,3440
6347,8209
6350,9442
6351,2740
6351,4659
6351,9656
6352,7105
6353,9547
6354,7808
6357,7330
6362,3459
6362,6455
6363,9123
6364,831
6369,2120
6376,7510
6377,5165
6378,7580
6384,8501
6385,3717
6385,8947
6389,3730
6389,3912
6389,3932
6390,3943
6392,8990
6397,6066
6407,8086
6411,9037
6413,5402
6421,8493
6422,7820
6423,6029
6424,8139
6427,3645
6433,8610
6433,9389
6437,402
6443,1925
6447,6681
6450,6337
6451,7082
6451,8059
6453,862
6454,7158
6455,6362
6456,8208
6457,6313
6458,2273
6461,583
6463,6669
6464,8960
6465,3753
6465,9447
6466,650
6466,3889
6467,1936
6467,3211
6467,5028
6467,9056
6468,6762
6468,7897
6471,1693
6471,6567
6473,7790
6476,3973
6477,1508
6480,4997
6481,9120
6482,3753
6482,8099
6483,1249
6486,4832
6487,4960
6487,8617
6493,9146
6495,665
6495,6046
6495,8688
6497,3311
6507,7228
6514,9716
6517,5629
6518,8141
6519,1797
6520,204
6521,8092
6522,1397
6522,2273
6524,8668
6527,8009
6527,8322
6529,2751
6529,5078
6530,8214
6533,9889
6534,4974
6535,5963
6536,7324
6537,1265
6537,5535
6539,2640
6544,2750
6545,9083
6546,9097
6547,6081
6548,5547
6548,5960
6551,5163
6551,7264
6551,7721
6552,6092
6555,3183
6555,4089
6556,7740
6560,8996
6562,837
6565,396
6567,6471
6569,7836
6569,9499
6571,3925
6573,1732
6574,824
6574,1667
6577,5141
6579,2141
6579,4941
6580,760
6583,9721
6588,7998
6588,8358
6589,6661
6592,2823
6592,4963
6593,5317
6597,8732
6602,899
6602,9811
6604,634
6609,4477
6610,8658
6611,4102
6611,7750
6613,7239
6614,9565
6616,7938
6620,4415
6621,979
6621,7744
6622,2725
6623,8250
6626,7082
6626,7425
6627,2867
6629,913
6630,8314
6634,9757
6634,9882
6637,2924
6639,8803
6641,9479
6645,169
6646,1973
6648,486
6648,1005
6648,8951
6651,6780
6653,8960
6656,7783
6658,8701
6659,8347
6660,2574
6661,5609
6661,6589
6663,3450
6669,615
6669,2348
6669,5091
6669,6463
6671,1483
6673,1871
6673,2267
6673,6312
6676,3234
6678,2366
6679,2574
6679,2799
6681,6447
6683,6841
6684,5035
6686,4424
6689,376
6690,6073
6691,7416
6695,3228
6696,2513
6698,2798
6705,8708
6706,5482
6711,4962
6712,72
6712,1727
6714,5360
6716,3139
6717,2192
6718,5259
6719,922
6721,3373
6730,5707
6731,603
6731,5182
6732,1115
6733,1117
6734,2047
6739,487
6740,77
6740,601
6740,2429
6741,7156
6743,1868
6743,5470
6747,3949
6750,7124
6751,6164
6752,3167
6760,9277
6761,4224
6761,6023
6761,7217
6762,6468
6767,3434
6767,9621
6768,1295
6775,3048
6775,7723
6777,6155
6778,1594
6779,2691
6779,9475
6780,4712
6780,6201
6780,6651
6782,8554
6783,7773
6785,9012
6786,9241
6788,1444
6790,5905
6790,5988
6792,3589
6801,9566
6803,3035
6806,922
6807,2767
6808,49
6808,4049
6809,2543
6811,3975
6812,4022
6813,401
6816,9818
6818,3239
6818,6116
6823,9825
6824,5240
6827,1516
6827,2204
6830,9946
6832,2645
6832,7303
6833,9344
6834,2357
6841,4433
6841,6683
6844,3690
6845,6939
6850,792
6853,5507
6854,7479
6855,1469
6858,5567
6866,4480
6866,4481
6866,9432
6867,8949
6869,3450
6871,7152
6871,8635
6873,3279
6873,3736
6879,8084
6883,6
6883,8714
6883,9789
6887,3359
6887,9316
6889,3564
6889,5801
6892,1245
6892,5716
6893,2413
6893,3112
6896,1169
6896,1310
6900,9437
6901,4307
6902,1150
6907,1891
6909,4570
6911,698
6911,7426
6913,7615
6913,9435
6914,8970
6916,1194
6916,8076
6917,721
6917,8072
6918,1306
6918,7692
6919,3720
6922,1453
6925,4374
6930,5567
6934,7760
6939,1047
6939,6845
6940,1965
6943,811
6943,6966
6943,9687
6944,5056
6944,8496
6945,8192
6946,321
6946,4920
6949,1017
6949,1836
6949,2656
6951,1175
6953,3022
6956,4967
6957,491
6957,1059
6957,2044
6958,8842
6959,8468
6961,9320
6964,2388
6965,55
6965,1261
6965,9923
6966,6943
6967,5499
6967,5929
6967,8401
6969,4450
6971,7848
6972,7744
6977,1318
6977,7666
6980,4840
6981,1056
6982,6246
6983,8083
6987,7112
6988,2243
6991,4107
6992,6237
6992,7347
6994,1733
6994,8588
6995,2720
6995,3097
6995,9597
6996,1591
6996,3483
6996,9097
6998,5262
6998,9936
7000,4529
7003,3770
7006,1839
7008,2464
7010,9600
7011,3270
7012,2438
7013,3002
7013,7660
7015,211
7018,3330
7020,3184
7022,260
7023,8799
7024,1594
7024,7963
7026,2697
7029,1017
7031,8357
7033,259
7035,1570
7037,2965
7038,2299
7040,4371
7040,5661
7041,9880
7042,4655
7042,5219
7044,1444
7046,9688
7047,7186
7055,3303
7061,59
7061,4731
7062,2331
7062,4957
7065,2541
7065,5955
7067,5214
7069,555
7069,1707
7073,7330
7078,9150
7079,164
7079,2709
7082,6451
7082,6626
7086,3031
7089,7263
7091,475
7093,9509
7094,9527
7097,5741
7097,7658
7099,3393
7101,412
7101,4856
7102,660
7105,6352
7106,274
7106,3834
7108,9703
7109,7591
7112,6987
7115,5345
7117,175
7117,2629
7119,7310
7120,8377
7122,24
7124,6750
7125,3815
7126,654
7126,776
7127,1220
7128,1668
7132,9962
7133,3879
7136,4367
7139,7564
7139,8403
7140,8104
7142,8002
7143,8744
7145,3368
7145,8215
7146,4322
7147,5764
7148,4625
7148,9270
7150,7681
7151,2646
7152,6871
7156,6741
7158,4782
7158,6454
7158,9823
7158,9950
7160,1562
7164,6336
7165,2997
7167,9784
7168,1235
7172,9538
7173,1810
7173,4363
7174,5229
7175,5612
7177,5966
7177,9522
7179,714
7180,3632
7180,9048
7181,9779
7182,4109
7183,1785
7186,7047
7186,8118
7189,8268
7190,5371
7193,5580
7196,2438
7196,8855
7200,1035
7200,1550
7200,5439
7201,4008
7202,1960
7205,9075
7208,7737
7208,8192
7209,1804
7209,3583
7209,4003
7211,4987
7213,1213
7213,5277
7214,7453
7217,6761
7219,3462
7225,434
7225,4354
7226,420
7228,6507
7229,3263
7233,528
7234,859
7234,3482
7235,9919
7238,8068
7239,6613
7243,8436
7245,3061
7245,5795
7248,3023
7249,8885
7252,1567
7252,7927
7254,2844
7256,5929
7259,3694
7259,4680
7260,2109
7260,8170
7261,3973
7262,9122
7263,7089
7264,6551
7266,5716
7268,9765
7269,7795
7270,197
7270,8697
7271,5108
7273,3322
7274,5553
7283,5733
7287,384
7287,7346
7292,2644
7294,4910
7297,4714
7300,242
7300,1899
7300,4031
7300,7701
7303,6832
7310,2789
7310,7119
7311,1590
7312,5627
7317,4404
7318,1122
7320,3072
7323,5624
7324,252
7324,6536
7327,834
7330,6357
7330,7073
7330,9460
7332,4017
7333,5161
7334,1039
7336,9343
7337,2437
7339,8437
7340,3220
7344,4355
7345,4054
7346,7287
7346,7525
7347,4773
7347,6992
7347,8073
7349,3218
7350,5564
7351,7616
7352,2453
7353,3827
7357,6321
7358,1542
7361,9500
7362,9599
7364,5220
7370,5885
7373,5486
7374,7822
7374,7900
7377,2505
7379,5341
7380,8972
7381,2832
7382,4115
7387,5863
7388,774
7389,4401
7391,9737
7392,5691
7392,5742
7395,8833
7397,1443
7401,8049
7401,8423
7402,4110
7405,2416
7405,7434
7405,8509
7406,2774
7408,8830
7409,9819
7410,8546
7411,175
7411,4374
7414,8608
7415,5536
7415,9043
7416,1180
7416,6691
7418,889
7419,3529
7419,5239
7421,1037
7421,2142
7421,8965
7422,2906
7422,7803
7423,8732
7425,6626
7426,3824
7426,6911
7427,3351
7433,4273
7434,7405
7435,8561
7436,8195
7437,2899
7437,8977
7445,6048
7450,6139
7451,6082
7452,2189
7452,2580
7453,7214
7453,7731
7454,9610
7458,1912
7459,3747
7460,3902
7461,3700
7469,4182
7472,4414
7472,6108
7473,7660
7473,8131
7474,5351
7475,2242
7477,427
7479,6066
7479,6854
7479,8586
7480,5181
7483,7892
7486,976
7489,2804
7490,1202
7491,4292
7491,4812
7492,3060
7492,5328
7494,293
7495,5097
7497,5502
7498,2751
7498,4951
7499,4563
7499,8470
7503,5222
7504,92
7504,8892
7506,8658
7509,1501
7510,6376
7512,1379
7513,592
7516,2776
7520,3443
7521,612
7521,9503
7523,37
7524,9938
7525,7346
7527,4740
7529,5404
7530,2090
7530,2277
7532,8162
7534,8416
7536,2457
7538,5224
7540,9433
7541,2617
7541,2959
7544,9736
7549,6269
7551,5126
7551,5894
7552,1577
7553,711
7554,1668
7556,8546
7557,1705
7558,3058
7561,2613
7563,6181
7564,7139
7565,2680
7566,2840
7566,8283
7568,8049
7570,1832
7570,4512
7570,8255
7571,4555
7574,3154
7576,1790
7577,550
7577,1171
7579,8535
7580,6378
7581,2548
7581,9682
7582,19
7582,9829
7583,204
7585,8019
7586,9345
7587,1078
7587,5286
7588,769
7591,683
7591,4582
7591,7109
7592,7872
7593,4140
7598,5082
7604,4431
7615,2130
7615,6913
7616,7351
7619,9682
7620,710
7624,3696
7625,5341
7627,2718
7628,3896
7630,4789
7633,4010
7635,528
7635,8834
7637,8484
7637,9254
7639,5503
7640,1237
7640,1668
7640,4234
7641,693
7641,8909
7642,7833
7643,9524
7644,911
7644,984
7647,1655
7648,2313
7648,4475
7650,689
7651,7805
7651,8852
7657,3097
7658,7097
7660,63
7660,7013
7660,7473
7664,4265
7666,6977
7667,5613
7671,4612
7676,4619
7678,9316
7681,7150
7682,5084
7683,7848
7684,8782
7687,2752
7689,9063
7690,2015
7690,3644
7692,6918
7695,8853
7697,4461
7698,8878
7701,3525
7701,7300
7705,182
7715,1657
7715,3928
7716,3209
7720,1902
7720,2904
7721,6551
7721,8944
7721,8974
7723,6775
7724,4079
7727,9682
7731,7453
7732,520
7733,853
7734,8102
7735,8153
7737,7208
7738,1188
7738,3042
7738,5012
7738,8082
7740,5887
7740,6556
7741,2720
7744,6621
7744,6972
7747,9056
7750,6611
7753,1623
7753,8829
7754,6014
7757,3678
7757,4197
7757,6000
7760,6934
7760,9438
7764,9760
7767,4443
7767,8292
7770,8667
7771,8403
7772,274
7772,9282
7773,6783
7773,7983
7775,6019
7777,9019
7780,1133
7780,4507
7782,4014
7782,9045
7783,6656
7784,3482
7784,5127
7785,4992
7786,2803
7786,5774
7788,9515
7790,6473
7791,9287
7792,4975
7795,7269
7795,7930
7795,8789
7796,1729
7798,394
7800,1061
7802,779
7803,7422
7805,2784
7805,7651
7806,3032
7808,6354
7811,622
7811,2679
7812,4432
7813,919
7818,9560
7820,1270
7820,6422
7822,7374
7824,463
7824,4513
7827,1595
7828,4341
7830,579
7831,2014
7832,1014
7832,9364
7833,6239
7833,7642
7834,9393
7835,2795
7836,4654
7836,6569
7838,3302
7841,5932
7846,8977
7848,6971
7848,7683
7850,9263
7855,9462
7859,8783
7867,3839
7871,5836
7871,8683
7872,7592
7873,3705
7874,1307
7876,952
7876,8035
7877,1013
7877,5008
7879,1536
7883,824
7885,4494
7892,7483
7897,2793
7897,6468
7900,2532
7900,7374
7902,4019
7907,1537
7907,8827
7913,540
7914,5665
7918,4175
7920,272
7921,9307
7922,9785
7925,2728
7925,3595
7926,8686
7926,9900
7927,7252
7929,4770
7930,1824
7930,3530
7930,7795
7932,3820
7935,3288
7936,9946
7938,6616
7939,5534
7946,2552
7952,2996
7953,9072
7953,9264
7954,3133
7955,1447
7955,3769
7955,4320
7958,2047
7958,9392
7963,7024
7965,4027
7967,4372
7967,9278
7967,9672
7970,843
7972,1013
7972,5121
7973,705
7973,1780
7974,52
7974,4622
7975,352
7977,1050
7977,5390
7982,8410
7983,7773
7984,1410
7985,404
7985,6215
7986,4081
7986,8522
7988,9449
7989,9020
7991,2025
7992,8310
7993,9969
7995,31
7995,2071
7995,8270
7998,3960
7998,6588
8002,6185
8002,7142
8003,9003
8006,9035
8009,907
8009,4281
8009,6527
8011,6105
8011,9765
8012,1714
8012,2473
8015,5247
8016,2082
8016,2293
8017,334
8019,7585
8021,90
8021,3180
8023,8105
8026,4680
8026,8932
8027,8494
8028,2766
8028,3362
8029,1525
8029,4793
8031,306
8031,4654
8032,797
8032,5610
8034,1358
8035,7876
8038,2317
8038,9154
8043,2492
8043,8475
8046,1561
8046,9132
8048,4073
8048,8316
8049,7401
8049,7568
8050,4190
8050,6027
8051,3801
8055,9825
8056,2704
8059,1486
8059,6451
8061,1518
8061,8072
8063,3548
8065,3223
8068,1590
8068,7238
8069,2028
8069,5478
8070,5383
8070,5576
8071,2321
8071,5305
8072,6917
8072,8061
8073,2642
8073,7347
8073,9943
8076,2770
8076,3345
8076,6916
8077,9401
8078,5687
8078,9596
8080,5292
8082,7738
8083,1992
8083,6983
8084,6879
8086,6407
8087,315
8090,8660
8091,5010
8092,6521
8093,2202
8094,8651
8096,5969
8097,8860
8098,5074
8099,6482
8102,7734
8102,9692
8104,7140
8105,8023
8106,5541
8109,3888
8110,2734
8110,3349
8111,8864
8112,602
8115,1374
8115,8820
8117,8510
8118,3866
8118,4598
8118,7186
8118,9079
8119,5382
8120,1221
8123,2488
8125,3762
8126,2588
8127,2868
8129,3060
8131,7473
8133,6040
8134,9057
8137,9578
8139,6046
8139,6424
8140,5290
8141,4084
8141,5580
8141,6518
8143,4804
8146,4283
8147,5259
8148,3604
8152,8964
8152,9561
8152,9880
8153,7735
8154,4439
8157,454
8158,399
8160,285
8162,7532
8167,8427
8169,4722
8170,1770
8170,7260
8172,5540
8173,3712
8176,2341
8176,3075
8178,9013
8180,4380
8182,2744
8183,8601
8186,3349
8186,4476
8188,2808
8192,2319
8192,6945
8192,7208
8195,7436
8196,4265
8197,212
8198,3872
8198,9991
8199,9801
8204,4898
8208,6456
8208,9834
8209,1499
8209,3395
8209,4551
8209,6347
8210,1848
8214,6530
8215,7145
8216,3745
8216,8260
8220,430
8220,2053
8221,1264
8223,8613
8223,9095
8224,3443
8227,8850
8228,62
8228,653
8228,1744
8228,8742
8230,3982
8230,9269
8231,8681
8236,1953
8237,1516
8239,3251
8239,9988
8244,8474
8245,4246
8250,3027
8250,6623
8252,9115
8254,3258
8254,3777
8255,7570
8256,8597
8258,9490
8259,3611
8259,4013
8260,8216
8261,4981
8266,1173
8268,7189
8269,227
8270,769
8270,7995
8272,8637
8273,782
8277,5244
8278,3394
8278,8802
8278,8807
8280,1022
8280,4114
8280,5157
8283,3766
8283,7566
8285,5253
8285,5730
8286,354
8290,280
8290,5421
8291,515
8292,7767
8293,4404
8297,89
8299,1541
8301,1384
8303,1248
8304,5586
8307,9673
8308,5179
8310,7992
8312,5470
8314,6630
8316,8048
8318,5609
8319,9826
8320,477
8320,8700
8320,9901
8322,788
8322,6527
8324,5611
8325,82
8325,1493
8330,1406
8330,2104
8331,3996
8332,9540
8333,2767
8333,5828
8335,3086
8337,9222
8339,3696
8340,2864
8341,9205
8346,149
8347,6659
8349,9606
8355,5885
8355,6208
8356,2519
8357,7031
8358,6588
8359,4015
8361,2098
8367,4126
8368,823
8371,5875
8372,5285
8372,5302
8373,2071
8373,5672
8373,8951
8377,7120
8385,5163
8386,1075
8388,5153
8393,4491
8394,5156
8396,8657
8397,3498
8400,5612
8400,9770
8401,6967
8401,9610
8401,9641
8402,241
8403,572
8403,4107
8403,7139
8403,7771
8409,8569
8410,7982
8414,2092
8414,3129
8416,2861
8416,6298
8416,7534
8418,9908
8423,7401
8423,9993
8424,4577
8424,8447
8427,8167
8430,1523
8430,6211
8432,5710
8433,4297
8436,5406
8436,7243
8437,2800
8437,7339
8440,8530
8441,9539
8442,532
8447,8424
8449,4313
8451,6107
8455,3593
8460,9900
8462,1864
8462,3672
8462,4759
8465,9243
8466,2032
8468,5189
8468,6959
8470,1883
8470,7499
8473,3218
8474,8244
8474,9432
8475,8043
8479,765
8484,7637
8490,4698
8493,6421
8494,1100
8494,8027
8496,6121
8496,6944
8497,1579
8498,4693
8500,764
8500,6030
8501,6384
8504,9316
8506,2106
8506,2365
8506,4283
8506,5015
8507,6321
8509,5045
8509,7405
8510,8117
8515,2957
8515,3997
8515,8699
8516,1348
8517,2709
8518,2635
8519,218
8519,9352
8521,1296
8522,7986
8524,502
8527,2031
8530,5125
8530,8440
8535,7579
8537,3697
8537,8827
8546,7410
8546,7556
8548,4875
8554,6782
8561,7435
8563,5
8564,2483
8566,1493
8566,2133
8567,5608
8569,8409
8572,1274
8573,99
8584,3867
8585,1485
8586,7479
8588,6994
8597,8256
8601,5421
8601,8183
8602,1769
8607,3338
8608,7414
8609,224
8610,243
8610,6433
8611,2025
8613,8223
8617,364
8617,6487
8618,4643
8620,9293
8630,3660
8633,3363
8633,3673
8635,6871
8637,8272
8643,3058
8644,1808
8645,5511
8647,2957
8649,5808
8649,8766
8651,4221
8651,8094
8651,9968
8654,1591
8654,8807
8657,8396
8658,6610
8658,7506
8660,8090
8663,9244
8664,9533
8667,7770
8668,6524
8669,5242
8670,2977
8671,5680
8677,5584
8679,2141
8681,8231
8682,9200
8683,7871
8686,7926
8686,9605
8688,6495
8689,542
8689,4754
8690,1661
8693,852
8696,9742
8697,7270
8699,3292
8699,8515
8700,8320
8701,6658
8702,826
8702,2522
8704,4997
8704,9996
8705,9758
8708,6705
8710,3320
8710,5016
8713,5104
8714,6883
8715,2147
8716,16
8716,5772
8720,6154
8725,3870
8728,1535
8728,2749
8729,2857
8729,4153
8732,6597
8732,7423
8738,364
8740,4198
8742,8228
8744,4970
8744,7143
8745,9496
8746,2684
8746,9247
8751,8818
8751,9322
8756,8995
8758,3384
8760,3695
8762,645
8764,5976
8765,3635
8766,8649
8769,3202
8770,4140
8772,9781
8773,5763
8774,706
8778,2883
8779,5395
8782,1442
8782,1683
8782,7684
8783,7859
8784,8802
8785,6299
8788,2694
8789,7795
8797,9464
8799,7023
8802,8278
8802,8784
8803,6639
8804,1291
8807,5085
8807,8278
8807,8654
8809,1578
8809,2881
8810,5859
8814,6002
8817,836
8818,228
8818,8751
8820,4799
8820,8115
8822,366
8826,2923
8827,4250
8827,7907
8827,8537
8829,7753
8830,7408
8830,9459
8830,9832
8832,9600
8833,7395
8834,7635
8838,1055
8839,1460
8841,652
8841,2550
8842,6958
8843,2127
8843,3675
8846,4424
8850,8227
8852,7651
8853,5183
8853,7695
8854,5868
8855,7196
8855,9640
8856,2073
8860,2482
8860,3366
8860,8097
8861,5287
8861,8925
8864,8111
8868,960
8875,4031
8878,7698
8878,9139
8882,2501
8882,2658
8883,2227
8884,4547
8885,7249
8886,3463
8888,1199
8888,3000
8890,602
8891,4308
8891,4573
8892,7504
8897,1483
8898,4943
8909,7641
8912,1161
8912,5554
8913,236
8915,3646
8916,4027
8917,9281
8918,1995
8921,9161
8923,3114
8925,8861
8927,1451
8931,9822
8932,8026
8934,9575
8936,1030
8936,1342
8936,5901
8942,2756
8942,3754
8944,4288
8944,7721
8947,6385
8949,2200
8949,6867
8951,6648
8951,8373
8953,6056
8953,6316
8956,1251
8958,6304
8960,6464
8960,6653
8961,9526
8961,9675
8962,1790
8964,8152
8965,7421
8966,2224
8970,1123
8970,3679
8970,6914
8971,3618
8971,9907
8972,7380
8974,7721
8975,6017
8976,470
8977,7437
8977,7846
8986,5759
8986,6093
8988,3737
8990,6392
8992,3591
8992,9423
8994,5390
8995,5411
8995,8756
8996,6560
8997,6045
8999,2689
9002,3717
9002,4932
9003,8003
9010,9944
9012,743
9012,6785
9013,2622
9013,8178
9015,9678
9016,181
9017,4461
9019,133
9019,2763
9019,7777
9020,7989
9024,9610
9025,186
9025,6220
9026,5655
9028,3871
9029,4160
9030,1757
9033,2904
9035,8006
9037,6411
9038,1453
9038,6054
9043,7415
9043,9716
9045,7782
9048,7180
9051,905
9054,1818
9055,9463
9056,6467
9056,7747
9057,8134
9059,4798
9060,5463
9063,7689
9063,9949
9064,6262
9064,9845
9070,6282
9072,5204
9072,7953
9075,7205
9077,163
9079,8118
9083,1018
9083,1636
9083,6545
9089,5989
9093,4737
9095,4447
9095,8223
9097,6546
9097,6996
9101,1999
9101,2793
9106,1816
9106,9912
9109,2217
9110,474
9110,1529
9113,2408
9115,8252
9118,5128
9120,2450
9120,5826
9120,6481
9122,2162
9122,7262
9123,6363
9123,9669
9127,2931
9129,4553
9132,8046
9133,5177
9137,2236
9137,2504
9139,8878
9146,6493
9148,302
9148,2916
9150,7078
9154,8038
9155,254
9155,4413
9156,575
9158,898
9159,5332
9160,2767
9160,3613
9160,6151
9161,3333
9161,8921
9161,9565
9164,9780
9169,637
9171,1464
9172,2698
9172,5668
9177,3548
9180,1876
9180,4760
9181,2912
9183,5474
9186,2058
9188,282
9190,5017
9191,9989
9194,2040
9194,2479
9198,1868
9200,8682
9201,3666
9202,4354
9203,1704
9204,4872
9205,1742
9205,4165
9205,8341
9208,675
9212,983
9212,4712
9214,9544
9215,1988
9216,3010
9217,4362
9218,3936
9222,894
9222,4172
9222,8337
9222,9328
9223,3898
9224,376
9224,987
9225,916
9225,4460
9227,1976
9227,5896
9234,679
9235,1767
9238,1049
9239,4261
9241,3871
9241,6786
9243,8465
9244,3956
9244,8663
9246,2772
9247,1811
9247,8746
9252,9491
9254,7637
9255,4681
9257,517
9257,5242
9262,6113
9263,7850
9264,7953
9265,2681
9269,8230
9270,7148
9273,1187
9273,2637
9273,9343
9274,5750
9277,6760
9278,7967
9279,5770
9281,8917
9282,4389
9282,7772
9286,2716
9287,7791
9291,2012
9292,9714
9293,1387
9293,8620
9296,9587
9303,9545
9304,1326
9307,7921
9308,1791
9311,1289
9312,2741
9314,3941
9315,1498
9316,4462
9316,6887
9316,7678
9316,8504
9319,73
9319,171
9320,6961
9322,8751
9324,4286
9326,558
9327,2614
9327,3907
9328,9222
9330,5248
9332,2077
9333,2786
9333,4843
9333,4929
9334,27
9337,1985
9340,3730
9341,9861
9343,7336
9343,9273
9344,6833
9345,2023
9345,4436
9345,7586
9352,8519
9353,3502
9355,9980
9356,3861
9359,9879
9362,9998
9364,4273
9364,7832
9370,596
9372,4328
9375,506
9381,777
9381,4220
9386,1140
9387,339
9387,3452
9388,32
9389,6433
9390,5209
9392,4524
9392,7958
9393,1104
9393,7834
9394,858
9394,5171
9395,4633
9395,9946
9398,770
9399,1072
9400,3901
9401,8077
9402,3632
9405,691
9405,4104
9408,53
9409,2567
9412,4245
9414,2115
9414,9433
9418,5676
9419,4081
9420,971
9422,9521
9423,8992
9430,5934
9432,3293
9432,6866
9432,8474
9433,1368
9433,3798
9433,7540
9433,9414
9435,5787
9435,6913
9437,6900
9438,7760
9439,4767
9442,6350
9444,3051
9447,1922
9447,2151
9447,6465
9448,4684
9449,7988
9450,9806
9451,4931
9457,4324
9459,8830
9460,335
9460,7330
9462,7855
9463,9055
9464,8797
9467,4854
9469,5514
9469,5880
9470,504
9470,1787
9475,6779
9478,4824
9479,6641
9481,6098
9490,8258
9491,2782
9491,9252
9495,4438
9495,5588
9496,8745
9497,2521
9498,2110
9498,4254
9499,6569
9500,7361
9501,205
9501,1147
9503,7521
9504,5092
9504,6005
9506,1512
9506,1600
9507,2954
9509,7093
9509,9866
9510,3224
9515,1637
9515,7788
9516,3964
9517,6211
9518,5430
9521,3481
9521,9422
9522,4592
9522,7177
9524,7643
9525,290
9526,8961
9527,7094
9530,2757
9531,2056
9532,1472
9532,5734
9533,8664
9535,4277
9537,2323
9538,7172
9539,4644
9539,5711
9539,8441
9539,9934
9540,8332
9544,1505
9544,9214
9545,9303
9547,6353
9548,3970
9548,5167
9550,4738
9554,5177
9555,1346
9560,6153
9560,7818
9561,3093
9561,8152
9562,4294
9562,9682
9565,5338
9565,6614
9565,9161
9566,6801
9567,1422
9567,5474
9568,796
9575,8934
9578,8137
9587,54
9587,9296
9594,2880
9595,2937
9596,8078
9597,6995
9599,7362
9600,7010
9600,8832
9602,5302
9604,4273
9605,8686
9605,9696
9606,5306
9606,8349
9608,947
9608,2828
9610,7454
9610,8401
9610,9024
9612,3412
9617,4351
9619,641
9621,6767
9626,4390
9627,9971
9629,266
9631,4292
9632,522
9633,4557
9634,3359
9637,3865
9639,5322
9640,8855
9641,8401
9643,1061
9644,1342
9644,1729
9644,5723
9648,5663
9650,675
9653,324
9655,2396
9656,6351
9661,545
9661,4929
9662,5129
9663,372
9666,1112
9669,9123
9670,4180
9672,7967
9673,8307
9675,8961
9678,9015
9682,5411
9682,7581
9682,7619
9682,7727
9682,9562
9685,3912
9686,3819
9687,6943
9688,2714
9688,7046
9691,2443
9691,2466
9692,8102
9694,3855
9696,3002
9696,9605
9697,4117
9703,7108
9713,3919
9713,4497
9714,9292
9716,6514
9716,9043
9721,6583
9724,6009
9725,740
9728,4483
9729,9946
9736,7544
9737,2751
9737,7391
9739,3930
9740,5365
9741,1091
9741,4344
9742,8696
9743,2619
9744,9830
9749,3469
9751,1068
9752,2423
9753,575
9753,658
9754,728
9755,5714
9757,2248
9757,6634
9758,1141
9758,8705
9760,5150
9760,7764
9761,1981
9765,7268
9765,8011
9767,4218
9770,8400
9772,672
9773,3172
9774,4950
9776,1839
9778,1752
9779,7181
9780,9164
9781,8772
9784,7167
9785,7922
9787,383
9789,6883
9791,3568
9791,4125
9794,6204
9796,6077
9799,5471
9801,8199
9806,9450
9807,4
9811,3143
9811,4760
9811,6602
9813,2933
9818,1549
9818,6816
9819,7409
9822,3294
9822,8931
9823,4315
9823,7158
9825,6823
9825,8055
9826,8319
9827,691
9829,7582
9830,4825
9830,9744
9832,8830
9834,804
9834,8208
9838,2623
9839,86
9839,3877
9840,6156
9842,822
9842,6170
9843,1493
9845,778
9845,9064
9846,3869
9847,4722
9849,3796
9850,5956
9852,4244
9854,3854
9856,2314
9858,2778
9858,4022
9861,9341
9862,3100
9864,658
9865,347
9865,1038
9866,4530
9866,9509
9868,1191
9870,2411
9871,2602
9871,4080
9874,3324
9879,9359
9880,7041
9880,8152
9882,2935
9882,6634
9884,1724
9889,6533
9899,365
9900,2646
9900,7926
9900,8460
9901,2377
9901,8320
9906,609
9907,8971
9908,8418
9909,1774
9912,9106
9914,3629
9915,4795
9916,2783
9916,4178
9917,1366
9919,823
9919,7235
9923,6965
9931,2468
9934,9539
9935,1117
9936,6998
9938,7524
9939,627
9943,8073
9944,625
9944,9010
9946,6830
9946,7936
9946,9395
9946,9729
9949,4267
9949,9063
9950,7158
9953,1961
9955,4085
9960,4774
9962,7132
9966,3400
9966,3964
9967,2931
9968,8651
9969,7993
9971,2839
9971,4132
9971,9627
9974,4357
9976,4561
9977,5905
9979,1879
9980,9355
9983,4535
9988,8239
9989,9191
9991,1957
9991,8198
9992,869
9992,4145
9993,8423
9994,3817
9996,8704
9998,2022
9998,9362
9999,5623
