10000,3018
0,4993
3,644
5,1705
6,4787
6,9702
8,3613
12,2680
20,3520
22,5042
24,4218
29,9694
31,8468
31,9263
32,7662
33,6657
37,2519
37,5659
41,9706
44,8848
48,6501
50,3162
53,1237
60,2284
64,2165
65,855
66,1374
74,542
77,5077
80,3125
89,657
92,1317
92,6326
95,1099
97,9294
106,5805
110,5177
113,352
113,3944
116,9338
120,7536
135,4078
136,9763
138,6074
140,7228
146,2553
146,5790
148,2642
149,5276
149,9659
153,8538
159,2157
161,2849
164,8847
166,8785
166,9326
167,5353
169,922
170,5590
171,2432
177,236
177,4214
183,4133
185,2527
197,6532
200,4506
200,8177
200,9036
202,9507
203,6153
208,2807
212,2308
212,8693
214,1633
219,5766
221,9429
231,1515
236,177
236,8945
239,6800
250,4833
251,7627
253,6120
253,8572
254,6739
260,3085
262,1438
262,1663
262,7396
265,4268
267,4683
274,1400
276,3030
276,7755
279,2296
284,455
287,2665
290,6144
293,3751
293,5174
295,9900
297,9515
301,1730
306,8675
306,8962
311,5650
312,2763
313,7752
316,340
321,7083
322,9565
327,9839
328,3808
328,6367
334,8967
340,316
341,3014
343,9401
352,113
352,901
357,9427
364,5650
372,1858
373,9031
375,2996
380,8425
381,3834
382,1638
385,2586
388,6378
388,6739
393,8765
397,4552
400,8710
406,4090
408,2785
409,6271
411,6967
413,7597
415,1579
421,2125
433,7455
435,4073
442,3746
442,9112
444,1695
447,9039
454,5939
455,284
457,8485
458,2391
461,5026
468,4362
471,4273
481,2886
482,5802
483,2819
483,4704
483,7409
487,4011
491,2048
492,7244
502,5055
505,9934
517,4074
519,9286
521,9152
526,6113
526,7632
528,3970
529,8464
533,4586
536,7923
542,74
543,2104
544,3998
544,6045
545,4406
547,8650
551,2905
551,3824
553,6045
556,761
559,5963
563,8167
571,8244
572,6833
572,8276
575,2322
577,9021
578,5621
580,3964
585,1257
606,2488
606,3771
608,8704
611,2199
615,3570
619,9913
627,3251
633,3400
633,5023
633,5098
638,3184
638,6700
642,3969
644,3
646,2951
648,926
654,4420
657,89
665,9699
669,8565
681,2518
686,2029
687,8489
688,4910
688,5998
690,1660
701,6148
706,3153
707,1866
707,2312
711,4511
712,8659
713,2542
726,4630
727,2940
727,5569
732,831
736,8727
739,9078
747,4079
754,1065
756,5525
760,1210
761,556
761,3875
762,5462
763,5164
767,7978
768,4202
769,7342
772,1757
773,1635
789,7223
792,8451
792,9379
797,6889
799,2370
806,3010
806,8545
809,922
809,1177
813,6239
821,5311
831,732
831,3957
835,8590
836,3123
841,5595
844,6458
855,65
855,3152
855,6679
860,2083
861,2819
862,6398
867,9200
868,3813
869,1964
871,5128
879,6020
882,3505
883,4014
887,7400
888,2186
889,5279
899,2646
901,352
901,5183
903,3647
903,8797
909,2475
909,8758
916,8934
918,2383
921,5977
921,7468
922,169
922,809
923,8079
926,648
929,1051
933,8215
934,4739
934,8622
937,9875
941,9427
944,7164
951,2939
959,5486
959,6537
961,3204
972,9051
976,8136
981,5409
985,3283
986,1074
989,7033
994,5243
995,9298
999,5665
1002,1400
1005,1471
1006,9542
1009,3218
1012,4437
1018,3897
1026,3033
1029,9866
1030,3656
1042,3997
1044,4035
1049,2333
1051,929
1052,2669
1054,8280
1056,6977
1056,9350
1057,1766
1061,3661
1063,9392
1065,754
1068,9861
1074,986
1074,8507
1075,7731
1075,9230
1078,3964
1080,3565
1092,4614
1093,6461
1095,6692
1099,95
1106,4828
1108,6454
1113,3299
1118,6628
1123,9383
1133,2887
1136,7744
1138,2653
1138,6958
1144,8361
1152,5591
1154,4381
1155,1500
1165,6775
1166,3683
1167,6910
1167,6911
1175,3276
1176,3775
1177,809
1180,2997
1184,4170
1195,4266
1196,7756
1200,5908
1203,5582
1205,2825
1207,9127
1210,760
1210,4279
1210,7712
1212,8422
1213,8857
1225,2364
1228,7977
1229,3088
1230,6439
1231,5356
1237,53
1244,3501
1249,1807
1257,585
1262,8812
1269,5422
1280,9550
1285,6037
1295,6120
1296,3000
1296,3710
1304,5408
1305,6664
1306,4998
1314,8651
1317,92
1319,1874
1319,2852
1321,3966
1323,6726
1324,2571
1328,8590
1334,5370
1338,9594
1346,7569
1349,6900
1355,4055
1355,5617
1355,8565
1359,1755
1361,3668
1366,4112
1366,4892
1367,5871
1374,66
1374,8203
1378,4854
1381,3219
1382,3918
1384,4286
1387,7599
1392,1495
1398,3639
1400,274
1400,1002
1411,7651
1423,3857
1428,6709
1429,8202
1429,9564
1432,2777
1433,7219
1434,6562
1436,7326
1438,262
1438,5339
1439,2813
1441,3472
1443,1476
1446,2731
1446,4733
1450,1472
1450,9220
1451,8902
1452,3449
1457,5759
1462,3286
1463,8609
1471,1005
1472,1450
1474,9774
1476,1443
1478,4244
1481,7538
1485,3224
1488,8711
1493,2829
1494,1815
1495,1392
1499,7716
1500,1155
1503,8560
1507,5625
1515,231
1516,8737
1521,9770
1533,8995
1534,8852
1537,9402
1540,4824
1546,4978
1547,4900
1555,4188
1559,5561
1565,5296
1568,3812
1573,4889
1579,415
1581,2788
1584,2661
1584,4451
1585,8762
1589,6091
1589,8019
1590,6722
1594,8525
1595,3557
1605,6622
1606,9728
1609,9950
1622,2909
1625,6906
1626,5941
1627,6507
1633,214
1633,7434
1635,773
1636,2963
1636,7352
1637,3400
1638,382
1651,9984
1657,9119
1658,6386
1660,690
1660,7331
1662,4657
1663,262
1664,5518
1665,3532
1666,2125
1669,8778
1682,3381
1683,4060
1690,7928
1694,9785
1695,444
1697,6409
1705,5
1707,9473
1708,9642
1709,5638
1709,8888
1711,8597
1722,7106
1723,8328
1726,7817
1728,2901
1730,301
1733,5009
1737,2254
1737,9823
1740,8778
1741,8059
1741,8528
1744,6388
1755,1359
1755,7815
1757,772
1758,6795
1763,3315
1763,7746
1764,1866
1766,1057
1771,2050
1771,8919
1777,5131
1777,7675
1780,1980
1781,5482
1782,7992
1784,7536
1790,2315
1792,6594
1792,8221
1794,4951
1798,5546
1801,8215
1807,1249
1815,1494
1819,6687
1825,2216
1827,6131
1834,5864
1835,9541
1844,4532
1848,3207
1854,7806
1856,4345
1858,372
1866,707
1866,1764
1870,6522
1870,9629
1872,3408
1874,1319
1874,2330
1883,9615
1885,3961
1887,9608
1891,4650
1903,4725
1903,6370
1906,3513
1909,4028
1909,8188
1912,5723
1919,5320
1922,2769
1925,6460
1939,5614
1939,7690
1954,7174
1955,3989
1956,2404
1959,4193
1963,2013
1964,869
1964,6140
1975,4897
1979,8511
1980,1780
1980,6846
1991,9141
1991,9999
2007,8962
2011,8718
2013,1963
2019,3069
2029,686
2033,8551
2036,2070
2036,5107
2037,2633
2040,2840
2043,7598
2047,5881
2048,491
2049,2239
2050,1771
2057,5189
2070,2036
2071,4910
2072,4104
2072,7011
2074,2390
2075,5418
2078,8282
2078,9061
2080,2133
2083,860
2090,4300
2091,2120
2091,6701
2091,7800
2093,5080
2093,8535
2094,5049
2099,4910
2103,6241
2104,543
2104,8918
2106,6805
2108,5233
2113,3980
2115,3039
2120,2091
2125,421
2125,1666
2127,9224
2133,2080
2136,6339
2136,6881
2138,7442
2148,3862
2151,9003
2157,159
2165,64
2174,2714
2174,8451
2178,8619
2180,3229
2180,7749
2184,8197
2186,888
2199,611
2200,6520
2200,7762
2206,3179
2211,8737
2214,3172
2216,1825
2224,3693
2226,6209
2234,6572
2237,3792
2237,9268
2239,2049
2240,2251
2250,5869
2251,2240
2252,5991
2254,1737
2254,8107
2257,4634
2264,5225
2267,2921
2270,7721
2278,7785
2278,9684
2282,5853
2283,2596
2284,60
2286,6487
2288,4229
2289,5240
2293,8531
2296,279
2298,8997
2299,9153
2305,5133
2308,212
2308,7805
2312,707
2314,4860
2315,1790
2322,575
2325,5903
2327,2710
2328,3396
2330,1874
2332,3745
2333,1049
2334,6899
2338,6307
2339,7932
2348,2686
2357,3518
2360,8637
2360,9846
2361,3995
2362,8639
2364,1225
2369,8692
2370,799
2373,4965
2381,2593
2383,918
2390,2074
2391,458
2398,8860
2401,7604
2403,5239
2404,1956
2405,3348
2407,9348
2409,8546
2410,3402
2411,2505
2414,9827
2423,2810
2432,171
2445,8450
2448,4812
2449,4728
2451,6665
2451,8619
2454,4992
2465,6562
2467,5878
2470,7579
2475,909
2479,5054
2481,8735
2488,606
2488,3548
2488,6701
2493,8909
2495,3878
2505,2411
2505,6199
2509,2593
2510,4000
2516,9940
2518,681
2519,37
2525,8591
2527,185
2534,4191
2542,713
2545,6844
2547,5201
2553,146
2556,3877
2564,3997
2571,1324
2579,6400
2579,7271
2582,3983
2584,4224
2585,8326
2586,385
2592,7382
2593,2381
2593,2509
2596,2283
2598,5018
2603,6673
2607,3067
2608,8105
2609,7905
2612,5048
2615,7456
2624,4013
2629,6619
2630,2864
2631,9341
2632,6811
2633,2037
2635,8050
2636,4639
2642,148
2644,3816
2644,8213
2646,899
2647,7207
2653,1138
2654,4774
2658,6704
2659,8237
2661,1584
2664,5767
2664,7984
2665,287
2668,7662
2669,1052
2671,8794
2680,12
2686,2348
2687,2880
2692,8274
2696,6669
2700,7996
2700,9896
2704,9365
2710,2327
2714,2174
2728,5506
2731,1446
2733,5222
2740,7697
2741,8278
2742,8506
2744,5427
2752,2983
2753,6036
2763,312
2767,4520
2767,7357
2769,1922
2777,1432
2777,7741
2779,9079
2781,9302
2785,408
2788,1581
2790,7536
2794,8243
2807,208
2810,2423
2813,1439
2819,483
2819,861
2825,1205
2829,1493
2840,2040
2841,7013
2849,161
2850,4121
2851,8946
2852,1319
2854,4612
2855,3687
2861,7869
2862,5672
2864,2630
2864,3538
2864,4840
2865,3803
2866,2913
2866,3965
2874,9347
2880,2687
2886,481
2887,1133
2887,7189
2888,7213
2901,1728
2905,551
2909,1622
2913,2866
2914,8135
2916,7703
2919,9446
2921,2267
2923,7778
2924,9769
2925,8543
2929,7804
2935,4567
2937,5019
2938,5230
2938,9744
2939,951
2940,727
2948,8267
2951,646
2951,5164
2956,3819
2961,5647
2963,1636
2964,5340
2967,5520
2975,9814
2983,2752
2984,7449
2984,7735
2984,7956
2996,375
2997,1180
3000,1296
3002,5805
3010,806
3010,3052
3010,4466
3014,341
3014,3721
3017,8232
3022,7973
3030,276
3033,1026
3033,8371
3039,2115
3052,3010
3052,8409
3058,7554
3063,6052
3064,5668
3067,2607
3067,4172
3069,2019
3077,8388
3079,5472
3085,260
3088,1229
3089,9350
3094,7773
3100,6111
3108,6652
3108,9346
3109,9412
3112,7478
3113,4266
3118,8195
3118,9010
3123,836
3125,80
3127,8456
3136,9415
3137,8840
3140,6089
3143,9453
3144,7087
3146,4087
3146,7803
3149,4663
3152,855
3153,706
3155,6006
3156,9961
3158,5405
3162,50
3163,8313
3163,9702
3167,4009
3169,6802
3172,2214
3174,8916
3175,9637
3177,3891
3179,2206
3180,7124
3184,638
3184,4398
3196,4161
3203,9294
3204,961
3207,1848
3207,8181
3212,3526
3213,7340
3218,1009
3218,3652
3219,1381
3220,8858
3224,1485
3224,3719
3229,2180
3229,5242
3251,627
3252,6619
3254,7879
3256,9903
3259,5996
3264,5309
3266,4903
3267,9521
3269,3767
3271,5547
3274,8220
3276,1175
3281,5624
3283,985
3286,1462
3287,7341
3287,7870
3292,6623
3299,1113
3305,3826
3305,6819
3309,9993
3315,1763
3319,6003
3321,3949
3321,8768
3337,4915
3339,6419
3341,6181
3342,7741
3348,2405
3348,7524
3351,3823
3351,7022
3356,8962
3357,5796
3360,7136
3363,5233
3365,8029
3370,6396
3371,8191
3375,9051
3379,6248
3379,8362
3381,1682
3382,9885
3386,9993
3394,6036
3396,2328
3398,7001
3400,633
3400,1637
3401,4454
3402,2410
3408,1872
3419,3808
3422,8170
3424,7482
3425,4337
3429,6699
3434,5430
3434,9214
3434,9933
3435,3760
3441,5963
3446,6035
3449,1452
3450,9762
3461,4743
3466,6630
3469,4498
3472,1441
3472,8644
3476,7575
3476,9934
3477,5571
3482,3566
3482,4031
3494,6189
3497,6215
3501,1244
3502,9954
3505,882
3509,8609
3513,1906
3518,2357
3519,8092
3520,20
3523,4392
3526,3212
3526,7374
3528,5044
3532,1665
3534,4907
3538,2864
3539,7871
3548,2488
3550,9763
3556,8394
3557,1595
3564,6783
3565,1080
3566,3482
3570,615
3571,7568
3573,5271
3574,5257
3577,4514
3579,7609
3590,9110
3592,4155
3598,5603
3598,8933
3602,4588
3603,3616
3606,6048
3613,8
3616,3603
3619,8452
3622,9724
3623,8641
3627,8842
3629,5474
3632,4322
3633,6234
3633,7426
3635,9314
3639,1398
3641,7403
3646,7482
3647,903
3652,3218
3656,1030
3658,4080
3661,1061
3668,1361
3670,6293
3672,9891
3676,4046
3679,9241
3681,7512
3683,1166
3683,3842
3683,4606
3687,2855
3693,2224
3698,6564
3706,5930
3710,1296
3716,4026
3718,9303
3719,3224
3721,3014
3721,5585
3721,8629
3727,4692
3727,4808
3729,9321
3740,8077
3742,5665
3742,8712
3745,2332
3746,442
3747,5359
3751,293
3752,5139
3760,3435
3762,9559
3767,3269
3767,9072
3771,606
3775,1176
3786,4537
3792,2237
3792,7355
3793,7100
3803,2865
3803,4939
3808,328
3808,3419
3812,1568
3813,868
3815,6399
3816,2644
3816,8182
3819,2956
3823,3351
3824,551
3826,3305
3834,381
3842,3683
3846,3878
3850,5569
3851,5252
3855,6062
3857,1423
3857,4368
3861,6144
3862,2148
3863,5446
3864,7056
3865,9710
3870,9711
3872,4344
3873,5634
3875,761
3877,2556
3877,9095
3878,2495
3878,3846
3878,6336
3879,9766
3885,7923
3891,3177
3893,9829
3896,4704
3896,7349
3897,1018
3904,9435
3911,9620
3912,5275
3917,4381
3918,1382
3924,7942
3925,7632
3927,6174
3928,5258
3928,5904
3931,5500
3944,113
3948,9147
3949,3321
3949,5370
3957,831
3961,1885
3964,580
3964,1078
3965,2866
3966,1321
3969,642
3970,528
3980,2113
3983,2582
3985,8368
3989,1955
3991,5704
3995,2361
3997,1042
3997,2564
3998,544
4000,2510
4009,3167
4011,487
4013,2624
4014,883
4022,6955
4025,6763
4026,3716
4028,1909
4028,7832
4031,3482
4034,6849
4035,1044
4037,7158
4041,7825
4046,3676
4054,8388
4055,1355
4060,1683
4064,7224
4073,435
4074,517
4077,5588
4078,135
4079,747
4080,3658
4080,4352
4083,6736
4087,3146
4090,406
4093,6357
4096,7100
4104,2072
4104,5204
4104,9666
4109,6566
4111,5332
4112,1366
4113,5568
4121,2850
4122,8941
4130,8443
4133,183
4135,9748
4146,4798
4147,8935
4150,4978
4155,3592
4161,3196
4168,7883
4170,1184
4172,3067
4176,6959
4177,7370
4188,1555
4191,2534
4193,1959
4200,9065
4202,768
4204,4863
4214,177
4218,24
4220,9223
4224,2584
4225,8909
4229,2288
4234,7124
4238,5705
4244,1478
4262,9247
4265,4444
4266,1195
4266,3113
4267,6590
4268,265
4273,471
4274,5226
4275,5617
4279,1210
4285,6428
4286,1384
4292,5382
4293,8187
4300,2090
4300,5212
4304,4306
4304,9581
4306,4304
4306,9651
4315,8892
4320,7810
4320,8762
4322,3632
4322,7607
4325,4509
4330,7691
4334,7108
4337,3425
4344,3872
4345,1856
4346,7339
4351,7011
4352,4080
4355,8168
4358,8885
4361,9712
4362,468
4368,3857
4373,7870
4381,1154
4381,3917
4392,3523
4395,7538
4398,3184
4399,7952
4403,4625
4406,545
4412,4770
4412,8719
4420,654
4423,8693
4427,4779
4435,7089
4437,1012
4440,9885
4441,8171
4444,4265
4445,7091
4448,9597
4451,1584
4454,3401
4454,7299
4456,6807
4462,9455
4466,3010
4466,7361
4471,7858
4472,5608
4472,5871
4474,8320
4476,8088
4483,8710
4495,8789
4498,3469
4503,4568
4506,200
4507,9081
4508,5845
4509,4325
4511,711
4511,5732
4514,3577
4520,2767
4521,9664
4525,6220
4530,6909
4532,1844
4532,9269
4533,7259
4537,3786
4537,7265
4540,7406
4542,6340
4548,6944
4552,397
4567,2935
4568,4503
4569,6285
4581,9314
4586,533
4588,3602
4589,5411
4602,8382
4605,9902
4606,3683
4612,2854
4614,1092
4625,4403
4630,726
4634,2257
4639,2636
4639,9747
4650,1891
4654,8925
4656,9175
4657,1662
4663,3149
4667,7643
4669,6309
4674,9036
4683,267
4683,4865
4683,9519
4686,8720
4691,9734
4692,3727
4693,6750
4693,8456
4696,4851
4697,5327
4699,6451
4699,7901
4704,483
4704,3896
4716,6504
4725,1903
4726,7921
4728,2449
4733,1446
4739,934
4743,3461
4750,5531
4754,7626
4757,7928
4759,5350
4766,8471
4769,9073
4770,4412
4772,9574
4773,6588
4774,2654
4779,4427
4779,8981
4786,8882
4787,6
4789,5192
4798,4146
4804,4916
4808,3727
4810,7621
4812,2448
4820,8967
4822,8044
4824,1540
4828,1106
4833,250
4840,2864
4848,5252
4848,5837
4851,4696
4854,1378
4860,2314
4863,4204
4865,4683
4866,5872
4867,7859
4873,6920
4878,5926
4889,1573
4891,7988
4892,1366
4892,5067
4896,9245
4897,1975
4900,1547
4903,3266
4903,8562
4907,3534
4909,9244
4910,688
4910,2071
4910,2099
4911,5406
4915,3337
4916,4804
4918,7602
4923,8651
4935,6699
4935,8549
4939,3803
4949,9722
4951,1794
4958,5293
4961,5285
4965,2373
4967,9156
4975,6703
4978,1546
4978,4150
4981,8308
4982,6668
4992,2454
4992,7527
4993,0
4998,1306
5001,8225
5009,1733
5009,7067
5018,2598
5019,2937
5020,7885
5023,633
5025,7330
5026,461
5031,9375
5033,8666
5042,22
5042,6170
5044,3528
5048,2612
5048,6410
5048,9056
5049,2094
5052,5455
5053,5800
5054,2479
5055,502
5057,8851
5059,8848
5063,9026
5067,4892
5077,77
5080,2093
5098,633
5107,2036
5128,871
5128,5361
5129,5864
5131,1777
5133,2305
5133,6173
5135,7576
5136,6426
5139,3752
5152,5428
5157,7752
5163,6188
5163,6832
5164,763
5164,2951
5174,293
5175,6676
5177,110
5178,8790
5183,901
5189,2057
5189,9052
5192,4789
5201,2547
5203,7656
5203,9136
5204,4104
5212,4300
5222,2733
5225,2264
5226,4274
5228,9927
5230,2938
5233,2108
5233,3363
5239,2403
5240,2289
5242,3229
5243,994
5246,5614
5251,8200
5251,8510
5252,3851
5252,4848
5257,3574
5258,3928
5259,6884
5261,8553
5271,3573
5275,3912
5276,149
5279,889
5285,4961
5288,5472
5288,8072
5289,5597
5293,4958
5296,1565
5309,3264
5309,9828
5311,821
5318,6659
5320,1919
5322,5427
5322,6907
5324,8418
5326,7490
5327,4697
5331,8296
5332,4111
5332,7738
5339,1438
5340,2964
5348,9320
5350,4759
5353,167
5356,1231
5357,6149
5359,3747
5359,9947
5361,5128
5367,5649
5367,9592
5370,1334
5370,3949
5376,5954
5382,4292
5384,8199
5387,7864
5391,7820
5393,7705
5404,9038
5405,3158
5406,4911
5408,1304
5409,981
5409,5706
5411,4589
5412,5609
5415,6162
5418,2075
5422,1269
5427,2744
5427,5322
5428,5152
5430,3434
5445,7732
5446,3863
5455,5052
5462,762
5470,5600
5472,3079
5472,5288
5474,3629
5482,1781
5482,8527
5486,959
5498,9261
5500,3931
5506,2728
5518,1664
5519,5968
5520,2967
5521,6915
5523,9453
5525,756
5531,4750
5539,8501
5544,8970
5546,1798
5547,3271
5557,5888
5560,5946
5561,1559
5568,4113
5568,7786
5569,727
5569,3850
5571,3477
5572,9981
5573,6781
5579,8232
5582,1203
5585,3721
5586,8645
5588,4077
5590,170
5591,1152
5595,841
5595,6343
5595,6678
5597,5289
5600,5470
5603,3598
5608,4472
5609,5412
5614,1939
5614,5246
5617,1355
5617,4275
5621,578
5622,5703
5624,3281
5625,1507
5634,3873
5638,1709
5641,6419
5642,8640
5642,9960
5647,2961
5649,5367
5650,311
5650,364
5658,7061
5659,37
5665,999
5665,3742
5668,3064
5672,2862
5681,9735
5685,5976
5695,5918
5696,5879
5703,5622
5704,3991
5704,6436
5705,4238
5706,5409
5709,7007
5716,7773
5722,9597
5723,1912
5723,6417
5732,4511
5733,6432
5743,9308
5750,7608
5754,6466
5759,1457
5759,9526
5765,8296
5766,219
5767,2664
5771,8192
5772,7940
5781,7548
5783,6547
5790,146
5796,3357
5800,5053
5802,482
5804,6016
5805,106
5805,3002
5817,8043
5818,8410
5822,6697
5837,4848
5845,4508
5847,9772
5850,8608
5851,7470
5853,2282
5859,8812
5864,1834
5864,5129
5865,6097
5865,9303
5867,9789
5869,2250
5871,1367
5871,4472
5872,4866
5878,2467
5879,5696
5881,2047
5885,8825
5886,8190
5888,5557
5889,5992
5895,6902
5897,7693
5902,9323
5903,2325
5904,3928
5908,1200
5912,7931
5918,5695
5926,4878
5926,7819
5927,6130
5930,3706
5933,8440
5939,454
5941,1626
5946,5560
5947,8223
5954,5376
5961,6055
5963,559
5963,3441
5964,8720
5968,5519
5969,8511
5976,5685
5977,921
5980,6287
5982,7175
5989,9490
5991,2252
5992,5889
5996,3259
5998,688
6003,3319
6004,6412
6005,8412
6006,3155
6014,8837
6016,5804
6020,879
6027,8102
6035,3446
6036,2753
6036,3394
6036,8295
6037,1285
6041,9929
6045,544
6045,553
6048,3606
6052,3063
6055,5961
6062,3855
6062,8224
6071,8961
6074,138
6083,9324
6086,9392
6089,3140
6091,1589
6093,6700
6097,5865
6099,6368
6103,9939
6111,3100
6113,526
6119,7667
6120,253
6120,1295
6121,7437
6130,5927
6131,1827
6140,1964
6144,290
6144,3861
6148,701
6149,5357
6153,203
6153,8315
6156,7723
6162,5415
6166,9056
6170,5042
6173,5133
6174,3927
6176,8317
6179,6315
6181,3341
6184,6834
6188,5163
6189,3494
6193,7747
6196,6858
6198,7616
6199,2505
6203,6465
6209,2226
6212,6900
6215,3497
6220,4525
6220,7623
6222,8025
6234,3633
6239,813
6241,2103
6248,3379
6248,8732
6255,8877
6266,7722
6269,9412
6271,409
6271,9129
6277,8336
6284,9826
6285,4569
6285,8490
6287,5980
6293,3670
6294,8146
6296,7094
6305,8668
6307,2338
6309,4669
6315,6179
6324,6708
6326,92
6336,3878
6339,2136
6340,4542
6343,5595
6344,9939
6357,4093
6362,8986
6366,9619
6367,328
6368,6099
6370,1903
6375,8802
6378,388
6380,9245
6383,8289
6386,1658
6388,1744
6396,3370
6396,7020
6396,7899
6398,862
6399,3815
6400,2579
6405,6640
6405,7605
6409,1697
6410,5048
6412,6004
6417,5723
6419,3339
6419,5641
6422,6628
6426,5136
6428,4285
6432,5733
6436,5704
6439,1230
6439,9335
6446,8981
6451,4699
6451,6650
6454,1108
6455,7486
6458,844
6458,7745
6460,1925
6461,1093
6462,9120
6465,6203
6466,5754
6467,6658
6472,8654
6480,8064
6481,8433
6487,2286
6501,48
6501,6607
6504,4716
6507,1627
6509,6956
6509,8420
6520,2200
6522,1870
6532,197
6537,959
6541,9250
6541,9918
6547,5783
6548,7977
6559,7678
6562,1434
6562,2465
6564,3698
6566,4109
6572,2234
6585,8390
6586,7473
6588,4773
6590,4267
6594,1792
6597,8664
6607,6501
6608,7853
6619,2629
6619,3252
6622,1605
6623,3292
6628,1118
6628,6422
6629,9450
6630,3466
6640,6405
6650,6451
6652,3108
6653,7337
6657,33
6658,6467
6659,5318
6664,1305
6665,2451
6668,4982
6669,2696
6673,2603
6676,5175
6678,5595
6679,855
6687,1819
6692,1095
6697,5822
6699,3429
6699,4935
6700,638
6700,6093
6701,2091
6701,2488
6703,4975
6704,2658
6708,6324
6708,8110
6709,1428
6710,7372
6712,7914
6717,8235
6718,9613
6719,8971
6722,1590
6726,1323
6730,9066
6736,4083
6739,254
6739,388
6741,9252
6744,7889
6750,4693
6762,7231
6763,4025
6775,1165
6781,5573
6783,3564
6790,9709
6795,1758
6800,239
6802,3169
6805,2106
6807,4456
6811,2632
6812,9535
6819,3305
6825,7578
6825,7691
6827,8034
6830,9610
6832,5163
6833,572
6834,6184
6844,2545
6846,1980
6849,4034
6858,6196
6868,9793
6870,7888
6881,2136
6884,5259
6889,797
6893,8691
6899,2334
6899,9815
6900,1349
6900,6212
6902,5895
6906,1625
6907,5322
6907,7644
6909,4530
6910,1167
6910,7504
6911,1167
6912,9626
6914,9134
6915,5521
6916,8366
6920,4873
6944,4548
6955,4022
6956,6509
6958,1138
6959,4176
6963,9836
6967,411
6970,9236
6971,7077
6973,7451
6977,1056
7001,3398
7007,5709
7011,2072
7011,4351
7013,2841
7018,7450
7020,6396
7022,3351
7029,9406
7033,989
7037,7168
7040,9454
7049,8464
7050,8825
7056,3864
7061,5658
7067,5009
7077,6971
7080,8580
7083,321
7087,3144
7089,4435
7091,4445
7094,6296
7095,8090
7100,3793
7100,4096
7100,7279
7106,1722
7108,4334
7116,8708
7123,9980
7124,3180
7124,4234
7125,9660
7136,3360
7143,8945
7153,7868
7158,4037
7164,944
7167,9350
7168,7037
7169,7860
7174,1954
7175,5982
7177,8788
7187,7587
7189,2887
7192,8626
7207,2647
7213,2888
7219,1433
7222,8958
7223,789
7224,4064
7226,7427
7228,140
7231,6762
7231,9424
7244,492
7259,4533
7265,4537
7271,2579
7275,9525
7279,7100
7290,7659
7299,4454
7302,8560
7316,9035
7326,1436
7330,5025
7331,1660
7334,9834
7337,6653
7339,4346
7340,3213
7340,8031
7341,3287
7342,769
7344,7982
7348,8181
7349,3896
7352,1636
7355,3792
7357,2767
7361,4466
7370,4177
7372,6710
7374,3526
7382,2592
7385,7684
7386,9213
7396,262
7396,9013
7400,887
7403,3641
7406,4540
7408,8974
7409,483
7417,9634
7426,3633
7427,7226
7432,7625
7434,1633
7437,6121
7442,2138
7449,2984
7450,7018
7451,6973
7455,433
7456,2615
7468,921
7470,5851
7473,6586
7478,3112
7482,3424
7482,3646
7486,6455
7490,5326
7504,6910
7512,3681
7524,3348
7526,8188
7527,4992
7527,9631
7532,9169
7536,120
7536,1784
7536,2790
7537,9383
7538,1481
7538,4395
7546,7865
7548,5781
7554,3058
7558,8845
7567,8688
7568,3571
7569,1346
7575,3476
7576,5135
7578,6825
7579,2470
7587,7187
7597,413
7598,2043
7599,1387
7602,4918
7604,2401
7605,6405
7606,9209
7607,4322
7608,5750
7609,3579
7616,6198
7620,8065
7621,4810
7623,6220
7625,7432
7626,4754
7627,251
7632,526
7632,3925
7633,9774
7638,8331
7639,8063
7643,4667
7644,6907
7651,1411
7656,5203
7659,7290
7659,8725
7661,8876
7661,9721
7662,32
7662,2668
7667,6119
7671,9298
7675,1777
7678,6559
7684,7385
7690,1939
7691,4330
7691,6825
7693,5897
7697,2740
7703,2916
7705,5393
7710,9868
7712,1210
7716,1499
7716,7781
7721,2270
7722,6266
7723,6156
7731,1075
7732,5445
7735,2984
7738,5332
7741,2777
7741,3342
7744,1136
7745,6458
7746,1763
7747,6193
7749,2180
7752,313
7752,5157
7755,276
7756,1196
7762,2200
7773,3094
7773,5716
7778,2923
7781,7716
7785,2278
7786,5568
7797,9389
7800,2091
7803,3146
7804,2929
7805,2308
7806,1854
7810,4320
7815,1755
7817,1726
7819,5926
7820,5391
7823,8153
7825,4041
7830,9342
7832,4028
7837,9542
7853,6608
7858,4471
7859,4867
7860,7169
7860,9454
7864,5387
7865,7546
7868,7153
7869,2861
7869,9896
7870,3287
7870,4373
7871,3539
7876,7983
7879,3254
7881,9040
7883,4168
7885,5020
7885,9475
7888,6870
7889,6744
7890,8398
7899,6396
7901,4699
7905,2609
7914,6712
7914,8568
7921,4726
7923,536
7923,3885
7928,1690
7928,4757
7931,5912
7932,2339
7932,9194
7935,9424
7940,5772
7942,3924
7948,9881
7952,4399
7956,2984
7958,9005
7958,9845
7971,8703
7973,3022
7977,1228
7977,6548
7978,767
7982,7344
7983,7876
7984,2664
7988,4891
7992,1782
7996,2700
7996,8814
8005,9312
8005,9855
8019,1589
8025,6222
8029,3365
8031,7340
8034,6827
8035,8259
8038,9919
8041,9810
8043,5817
8044,4822
8050,2635
8059,1741
8063,7639
8064,6480
8065,7620
8072,5288
8073,8967
8077,3740
8079,923
8088,4476
8090,7095
8092,3519
8102,6027
8102,8298
8105,2608
8107,2254
8110,6708
8115,8135
8117,9317
8135,2914
8135,8115
8136,976
8146,6294
8153,7823
8154,8239
8155,9934
8167,563
8168,4355
8170,3422
8170,8204
8171,4441
8177,200
8181,3207
8181,7348
8182,3816
8187,4293
8188,1909
8188,7526
8188,9805
8190,5886
8190,8236
8191,3371
8192,5771
8195,3118
8197,2184
8198,9832
8199,5384
8200,5251
8202,1429
8203,1374
8204,8170
8213,2644
8215,933
8215,1801
8220,3274
8221,1792
8223,5947
8224,6062
8225,5001
8232,3017
8232,5579
8235,6717
8236,8190
8237,2659
8239,8154
8243,2794
8244,571
8246,9390
8256,9221
8256,9544
8259,8035
8267,2948
8274,2692
8276,572
8278,2741
8280,1054
8281,8933
8282,2078
8285,9243
8289,6383
8295,6036
8296,5331
8296,5765
8298,8102
8308,4981
8309,8993
8313,3163
8315,6153
8317,6176
8320,4474
8326,2585
8328,1723
8331,7638
8336,6277
8350,9551
8361,1144
8362,3379
8363,9059
8366,6916
8368,3985
8371,3033
8376,8645
8382,4602
8386,9264
8388,3077
8388,4054
8390,6585
8394,3556
8398,7890
8409,3052
8410,5818
8412,6005
8418,5324
8420,6509
8422,1212
8425,380
8426,8788
8433,6481
8440,5933
8443,4130
8450,2445
8451,792
8451,2174
8452,3619
8456,3127
8456,4693
8464,529
8464,7049
8468,31
8471,4766
8482,9555
8484,9643
8485,457
8487,9958
8489,687
8490,6285
8496,8725
8501,5539
8506,2742
8507,1074
8510,5251
8511,1979
8511,5969
8525,1594
8527,5482
8528,1741
8531,2293
8535,2093
8538,153
8543,2925
8545,806
8546,2409
8547,8588
8549,4935
8551,2033
8553,5261
8560,1503
8560,7302
8562,4903
8565,669
8565,1355
8568,7914
8572,253
8580,7080
8588,8547
8590,835
8590,1328
8591,2525
8597,1711
8605,9562
8608,5850
8609,1463
8609,3509
8619,2178
8619,2451
8622,934
8626,7192
8628,9888
8629,3721
8637,2360
8639,2362
8640,5642
8641,3623
8644,3472
8645,5586
8645,8376
8650,547
8651,1314
8651,4923
8654,6472
8659,712
8664,6597
8666,5033
8668,6305
8675,306
8677,9956
8684,9422
8684,9481
8688,7567
8691,6893
8692,2369
8693,212
8693,4423
8703,7971
8704,608
8708,7116
8710,400
8710,4483
8710,9705
8711,1488
8712,3742
8718,2011
8719,4412
8720,4686
8720,5964
8725,7659
8725,8496
8727,736
8732,6248
8735,2481
8737,1516
8737,2211
8752,9724
8752,9998
8758,909
8762,1585
8762,4320
8765,393
8768,3321
8778,1669
8778,1740
8785,166
8788,7177
8788,8426
8789,4495
8790,5178
8794,2671
8797,903
8802,6375
8812,1262
8812,5859
8814,7996
8825,5885
8825,7050
8837,6014
8840,3137
8842,3627
8844,9224
8845,7558
8847,164
8848,44
8848,5059
8851,5057
8852,1534
8857,1213
8858,3220
8860,2398
8876,7661
8877,6255
8882,4786
8885,4358
8885,9415
8888,1709
8892,4315
8902,1451
8909,2493
8909,4225
8909,9923
8916,3174
8918,2104
8919,1771
8922,9294
8925,4654
8925,9250
8933,3598
8933,8281
8934,916
8935,4147
8941,4122
8943,9795
8945,236
8945,7143
8946,2851
8946,9549
8951,9379
8958,7222
8961,6071
8962,306
8962,2007
8962,3356
8967,334
8967,4820
8967,8073
8970,5544
8971,6719
8974,7408
8974,9384
8981,4779
8981,6446
8986,6362
8993,8309
8995,1533
8997,2298
8998,9139
9003,2151
9005,7958
9010,3118
9013,7396
9018,9051
9021,577
9023,9213
9026,5063
9031,373
9035,7316
9036,200
9036,4674
9038,5404
9039,447
9040,7881
9042,9094
9042,9360
9051,972
9051,3375
9051,9018
9052,5189
9056,5048
9056,6166
9059,8363
9061,2078
9065,4200
9066,6730
9072,3767
9073,4769
9074,9144
9078,739
9079,2779
9081,4507
9094,9042
9095,3877
9098,9846
9110,3590
9112,442
9119,1657
9120,6462
9127,1207
9129,6271
9134,6914
9136,5203
9139,8998
9141,1991
9144,9074
9147,3948
9152,521
9153,2299
9156,4967
9169,7532
9175,4656
9175,9484
9194,7932
9200,867
9203,9828
9209,7606
9213,7386
9213,9023
9214,3434
9220,1450
9221,8256
9223,4220
9224,2127
9224,8844
9227,9772
9228,9504
9230,1075
9236,6970
9241,3679
9243,8285
9244,4909
9245,4896
9245,6380
9247,4262
9250,6541
9250,8925
9252,6741
9261,5498
9263,31
9264,8386
9267,9411
9268,2237
9269,4532
9286,519
9294,97
9294,3203
9294,8922
9298,995
9298,7671
9302,2781
9303,3718
9303,5865
9308,5743
9312,8005
9314,3635
9314,4581
9317,8117
9320,5348
9321,3729
9323,5902
9324,6083
9326,166
9335,6439
9338,116
9341,2631
9342,7830
9346,3108
9347,2874
9348,2407
9350,1056
9350,3089
9350,7167
9360,9042
9365,2704
9370,9660
9375,5031
9379,792
9379,8951
9383,1123
9383,7537
9384,8974
9389,7797
9390,8246
9392,1063
9392,6086
9401,343
9402,1537
9406,7029
9411,9267
9412,3109
9412,6269
9415,3136
9415,8885
9422,8684
9424,7231
9424,7935
9427,357
9427,941
9429,221
9435,3904
9446,2919
9450,6629
9453,3143
9453,5523
9454,7040
9454,7860
9455,4462
9473,1707
9475,7885
9481,8684
9484,9175
9490,5989
9494,9625
9504,9228
9507,202
9515,297
9519,4683
9521,3267
9525,7275
9526,5759
9535,6812
9536,9780
9541,1835
9542,1006
9542,7837
9544,8256
9549,8946
9550,1280
9551,8350
9555,8482
9559,3762
9562,8605
9564,1429
9565,322
9574,4772
9581,4304
9592,5367
9594,1338
9597,4448
9597,5722
9608,1887
9610,6830
9613,6718
9615,1883
9619,6366
9620,3911
9625,9494
9626,6912
9629,1870
9631,7527
9634,7417
9637,3175
9642,1708
9643,8484
9651,4306
9659,149
9660,7125
9660,9370
9664,4521
9666,4104
9684,2278
9694,29
9699,665
9699,9946
9702,6
9702,3163
9705,8710
9706,41
9709,6790
9710,3865
9711,3870
9712,4361
9721,7661
9722,4949
9724,3622
9724,8752
9728,1606
9734,4691
9735,5681
9744,2938
9747,4639
9748,4135
9762,3450
9763,136
9763,3550
9766,3879
9769,2924
9770,1521
9772,5847
9772,9227
9774,1474
9774,7633
9780,9536
9785,1694
9789,5867
9793,6868
9795,8943
9805,8188
9810,8041
9814,2975
9815,6899
9823,1737
9826,6284
9827,2414
9828,5309
9828,9203
9829,3893
9832,8198
9834,7334
9836,6963
9839,327
9845,7958
9846,2360
9846,9098
9855,8005
9861,1068
9866,1029
9868,7710
9875,937
9881,7948
9885,3382
9885,4440
9888,8628
9891,3672
9896,2700
9896,7869
9900,295
9902,4605
9903,3256
9913,619
9918,6541
9919,8038
9923,8909
9927,5228
9929,6041
9933,3434
9934,505
9934,3476
9934,8155
9939,6103
9939,6344
9940,2516
9946,9699
9947,5359
9950,1609
9954,3502
9956,8677
9958,8487
9960,5642
9961,3156
9980,7123
9981,5572
9984,1651
9993,3309
9993,3386
9998,8752
9999,1991
