10000,6132
1,1065
1,9531
4,3756
6,2861
7,5915
8,9752
8,9963
9,149
9,4142
10,9021
11,253
11,4974
12,9474
13,8377
14,9365
15,7245
16,8768
17,4509
21,7940
22,7204
23,1390
25,2882
26,3437
27,7138
31,5849
31,9968
33,309
34,7228
37,7739
38,362
39,2828
39,5704
40,4386
41,1653
44,2822
47,1308
47,8660
50,688
50,9656
55,8200
56,6007
56,6865
57,5924
60,9558
61,4589
61,5803
62,6312
62,9997
63,4214
64,8707
67,8614
68,8722
71,4495
75,4790
75,7883
76,4903
78,1622
79,9197
82,8842
82,9122
83,3456
85,6264
88,3673
90,4611
92,2434
97,288
97,5328
98,7749
100,5927
101,4239
103,7857
105,3871
107,5965
108,140
109,499
109,2083
113,535
113,7336
115,3668
116,2749
119,6509
120,5177
120,6468
122,9006
123,6433
125,2303
129,2044
131,5414
132,3715
132,6291
132,8308
133,2933
133,6920
136,8747
138,696
139,486
140,108
142,6724
143,2101
143,7147
145,8350
147,2442
147,4455
149,9
149,7639
154,7580
157,2040
157,2202
158,185
158,4437
159,8123
161,4690
161,5679
164,4527
164,5714
164,6779
165,6141
167,1592
168,1654
171,9789
175,4694
178,2109
179,2822
180,6080
181,4804
182,8745
185,158
189,8546
190,3765
190,9888
192,7932
194,3060
194,9761
195,1320
197,9354
197,9590
198,5464
199,473
200,3248
203,5039
204,2564
204,4088
206,925
206,7777
206,8551
209,1066
210,3777
212,6991
215,2568
215,9753
217,6700
218,1250
218,5797
222,3359
222,5741
222,7954
222,8512
223,622
224,7910
225,6972
226,4384
230,4475
232,1027
232,5525
234,7171
235,8463
237,4789
238,305
238,5020
238,6401
240,2785
241,6869
241,8964
243,534
244,5892
244,6483
245,7946
247,6915
250,2878
251,3143
253,11
254,9808
255,1351
256,9615
258,4550
262,7888
265,3124
265,8754
266,7941
267,1432
268,3434
268,3582
269,3456
272,5316
276,6670
276,9900
277,2278
280,6003
281,1870
282,9454
284,9558
286,8942
287,3347
287,5014
287,8015
288,97
289,6467
290,3748
290,5164
291,8969
291,9271
292,5994
293,6732
294,3174
296,6386
299,8617
303,2353
303,8566
305,238
305,4233
307,7473
308,4995
309,33
309,8136
310,1507
310,2917
310,9954
311,5541
314,6605
315,2970
317,9975
321,2327
324,6045
328,1308
331,1967
338,2135
341,4800
342,5482
343,6574
345,9351
347,2563
347,9440
348,2026
349,5210
351,7437
352,3609
352,8815
353,8758
356,6362
358,585
359,2034
362,38
367,2581
368,5721
370,656
371,9790
373,4291
374,7069
375,2498
376,8505
378,8052
381,3749
383,3821
386,7597
387,1882
388,9456
391,2032
393,9963
394,3292
395,5804
395,8967
397,6551
397,7992
397,9217
399,6780
401,5744
404,574
404,1794
407,4241
410,1728
410,1815
411,5020
411,8112
412,2097
413,1326
415,1907
416,1139
417,2255
426,7630
428,6058
429,3619
429,4756
429,9069
430,9291
431,7441
432,698
433,8263
435,1982
435,8799
436,2554
437,6514
437,8052
438,6797
439,461
443,6440
443,7941
444,9919
447,2211
448,866
448,8283
449,729
449,7111
450,4791
451,5402
451,9364
454,755
456,4938
457,3344
460,6209
461,439
463,4489
463,6753
467,8587
469,814
471,4493
473,199
478,2824
482,9165
484,9246
486,139
486,9644
487,714
487,2441
489,5103
490,5731
491,9863
497,3054
497,3607
499,109
499,7427
501,3333
502,1240
504,1519
510,5066
511,1288
514,1256
520,5494
523,622
525,4255
525,9828
526,3460
531,6151
532,4180
533,4157
534,243
535,113
536,3483
547,4734
548,7290
549,5277
550,3852
551,2112
551,9084
552,2431
554,7539
556,6725
557,1415
558,6247
559,845
559,2834
559,2946
559,4081
560,6465
561,1232
561,8311
562,2797
562,4101
564,5918
565,6577
566,2167
567,6884
573,2191
574,404
578,8838
580,9420
581,6812
582,5666
583,4394
583,8408
584,7962
584,8787
585,358
586,9203
589,2208
589,6978
589,8134
594,6598
595,1823
596,684
599,5837
600,7718
603,4847
604,924
606,8666
607,5820
608,7419
609,1726
610,3884
611,4029
611,4462
611,6209
614,3160
614,8042
616,3912
617,8210
619,8199
622,223
622,523
624,1935
626,9374
631,2475
632,2898
635,6482
641,7921
642,6375
643,5476
644,7464
647,2738
648,9215
652,9249
653,6988
656,370
657,9686
664,7910
668,9715
673,1340
676,4761
679,1552
681,1599
682,946
683,2177
683,5615
683,9198
684,596
685,9488
687,6645
688,50
695,7762
696,138
698,432
709,3954
709,4720
710,5731
713,6508
714,487
715,4153
721,4335
723,7943
727,905
727,8100
729,449
737,3698
741,2551
746,3271
747,5702
751,1027
752,1768
755,454
755,5893
756,8178
757,7688
758,8514
759,4680
761,3686
762,8553
764,3348
765,9344
767,1106
777,9085
781,5711
788,5626
790,1806
792,4076
792,5374
795,4041
798,1751
799,1290
800,1748
800,6939
802,2218
802,6524
805,7707
807,828
808,4187
810,1158
811,3574
812,4456
813,6435
814,469
816,5432
821,3270
821,4979
822,4005
828,807
832,8186
833,9491
835,9369
838,5290
840,7498
842,2679
845,559
845,3899
847,1468
847,9451
853,3191
854,7813
854,8636
854,9180
858,968
858,7070
859,6725
863,2405
863,5739
864,8695
866,448
866,3033
867,1021
867,2232
868,5588
868,7577
868,9597
872,7961
873,5241
879,1918
880,1773
880,7983
880,8427
881,2741
882,7225
883,9984
888,1471
890,2067
892,9122
895,8950
896,6598
898,3738
899,8465
901,2182
902,4045
902,4709
904,8681
905,727
907,2721
907,2976
909,9955
910,7858
911,7626
915,8686
916,9687
919,8641
920,1128
923,4262
924,604
924,6926
925,206
926,1852
926,5500
928,2017
929,1758
930,5806
939,1076
939,5897
940,4083
940,8576
943,1515
944,9073
946,682
948,8852
951,2712
952,5364
963,1263
966,8058
968,858
972,1984
973,4104
980,8511
981,4235
981,5359
981,7143
983,1835
985,7791
986,3765
986,9491
987,7195
988,1493
989,8865
990,1079
991,2085
991,2180
998,5121
1003,2681
1004,8255
1007,1277
1012,1330
1021,867
1023,1325
1024,8729
1026,1803
1026,1917
1027,232
1027,751
1029,2970
1030,5677
1030,6761
1031,2534
1031,4992
1033,4537
1037,2791
1039,2122
1041,3831
1041,5522
1043,3185
1045,6365
1046,4570
1048,1436
1052,6155
1056,4643
1058,8235
1058,8273
1062,1472
1063,7961
1065,1
1066,209
1067,6225
1071,5473
1074,3018
1074,9610
1076,939
1077,1451
1079,990
1079,2327
1081,7019
1085,5045
1086,4165
1088,3871
1088,9315
1089,2209
1092,3085
1093,8474
1093,9288
1096,6716
1100,2087
1102,5690
1102,7558
1103,5215
1105,3326
1105,8061
1106,767
1107,6008
1107,8742
1113,2517
1114,2547
1114,3517
1118,3342
1121,7866
1125,8249
1126,3454
1127,6040
1127,8152
1128,920
1131,1993
1132,1906
1133,3501
1135,6314
1135,7403
1139,416
1139,6617
1142,1705
1142,7940
1150,9584
1151,7922
1154,4208
1155,4370
1158,810
1158,4624
1164,8226
1165,6754
1168,8154
1169,1381
1171,4344
1171,8638
1173,3145
1175,1704
1176,7963
1179,1858
1179,4666
1182,3664
1183,3446
1184,3531
1184,6710
1186,3461
1186,4616
1189,2821
1195,2588
1195,8057
1203,2625
1204,4653
1204,7310
1205,1669
1206,7456
1209,2451
1209,8676
1210,1999
1210,7746
1215,4124
1215,4249
1216,4318
1217,9561
1219,9035
1224,3165
1226,2427
1231,7884
1232,561
1236,5761
1236,8069
1238,3802
1240,502
1242,7854
1244,5086
1245,3734
1246,6098
1246,9788
1247,1974
1247,3738
1248,8121
1250,218
1252,3629
1252,9790
1255,5627
1256,514
1257,8775
1259,5619
1259,9928
1259,9978
1263,963
1268,6286
1269,2698
1272,2096
1272,7820
1272,7898
1276,5623
1277,1007
1279,4329
1280,8218
1282,2342
1284,3961
1284,5854
1284,7514
1285,5357
1288,511
1288,9663
1290,799
1291,2818
1291,6172
1293,4525
1293,9856
1294,3288
1295,1410
1295,2769
1297,4618
1299,2228
1299,6183
1302,2820
1302,7441
1302,8838
1303,3297
1303,5078
1306,2947
1308,47
1308,328
1310,3553
1310,4548
1312,2938
1319,5397
1320,195
1322,2067
1325,1023
1326,413
1327,8114
1329,9079
1330,1012
1330,6902
1337,6134
1340,673
1349,1591
1351,255
1362,5879
1362,8072
1363,9055
1366,6301
1373,2879
1375,9121
1377,3022
1381,1169
1381,5957
1384,3737
1386,3175
1386,8839
1388,5282
1389,6569
1390,23
1393,6246
1394,1972
1394,5153
1395,2938
1395,8500
1397,5062
1402,2780
1403,5066
1403,5602
1408,6305
1409,9725
1410,1295
1412,9353
1413,5468
1414,7180
1415,557
1415,2460
1415,8780
1416,3934
1418,9315
1419,9610
1422,6427
1422,6611
1424,7622
1426,9874
1429,9069
1430,4603
1432,267
1434,5128
1436,1048
1439,1973
1439,6129
1443,6143
1444,6661
1445,8062
1446,1904
1451,1077
1451,4697
1453,2959
1453,6730
1453,8751
1455,6411
1456,9311
1457,6201
1458,6139
1462,8322
1463,2596
1465,6460
1465,6505
1467,9061
1468,847
1471,888
1471,9990
1472,1062
1486,6237
1488,3895
1493,988
1494,9669
1498,4365
1500,1817
1501,8349
1507,310
1510,7840
1511,6810
1513,1611
1514,3114
1514,4984
1515,943
1519,504
1519,8318
1526,3093
1526,9294
1527,8640
1528,7980
1528,9584
1529,4480
1534,1809
1534,4773
1535,2719
1535,6611
1543,4353
1547,7712
1550,9376
1552,679
1555,3683
1558,5894
1565,9244
1570,5548
1572,9777
1580,9047
1582,4605
1585,7108
1588,6327
1591,1349
1592,167
1593,2489
1595,7510
1597,8979
1598,4392
1599,681
1604,9287
1605,7776
1605,8072
1607,6103
1608,5474
1609,4106
1610,3368
1610,9646
1611,1513
1612,3382
1614,5383
1616,3737
1618,7012
1620,5537
1621,6921
1622,78
1623,2567
1624,7730
1625,9612
1628,9094
1635,8598
1636,6989
1637,3076
1642,8090
1643,3661
1647,1741
1647,7211
1648,6693
1650,5784
1653,41
1654,168
1654,2877
1654,6168
1654,7865
1657,3662
1657,7761
1658,4332
1659,2850
1664,1773
1668,3527
1668,5375
1669,1205
1669,7407
1670,5388
1670,6160
1670,8734
1673,5272
1674,6519
1675,6583
1676,8794
1677,7926
1679,6884
1679,9308
1680,4784
1681,9082
1682,7026
1684,5645
1684,7560
1686,1944
1687,6316
1687,9364
1691,4309
1691,4457
1692,7453
1696,3487
1696,5360
1696,9953
1698,2121
1701,7480
1703,5975
1703,8856
1704,1175
1704,8513
1705,1142
1705,3441
1706,1723
1708,5438
1708,6989
1709,2057
1710,3748
1711,3873
1712,5275
1716,3480
1717,4979
1719,5788
1722,2585
1723,1706
1723,6813
1725,1823
1725,2224
1725,4447
1726,609
1727,8457
1728,410
1728,4096
1728,4203
1733,4401
1734,9557
1736,3588
1737,5900
1739,2285
1741,1647
1746,2853
1747,2776
1748,800
1751,798
1751,3527
1752,4022
1754,7033
1758,929
1761,5089
1762,9983
1763,1800
1763,3656
1764,2157
1768,752
1770,2138
1773,880
1773,1664
1774,2435
1775,5916
1775,8062
1777,5218
1777,5604
1781,5374
1785,6022
1786,5839
1789,9199
1791,4497
1791,9013
1794,404
1797,8781
1800,1763
1800,5659
1800,8559
1801,4404
1803,1026
1803,4921
1803,6042
1806,790
1809,1534
1812,7491
1815,410
1817,1500
1817,7632
1819,6353
1821,9812
1822,4494
1823,595
1823,1725
1825,5675
1826,5454
1827,5874
1829,8454
1830,2995
1832,6786
1835,983
1836,6806
1837,4312
1841,6353
1843,1849
1843,6474
1843,9570
1846,3816
1849,1843
1850,3422
1850,8490
1852,926
1855,4521
1856,3112
1857,1920
1857,4769
1858,1179
1858,8154
1858,9040
1859,2454
1860,8684
1862,2717
1863,3158
1864,2313
1864,9103
1868,6664
1869,2527
1870,281
1871,5131
1872,8461
1873,8195
1877,2636
1879,3433
1879,7989
1882,387
1884,3616
1885,9404
1885,9981
1888,6102
1889,7700
1890,6074
1891,8735
1893,5091
1894,7113
1895,4647
1897,3183
1899,8049
1899,8515
1901,2525
1901,3600
1903,4277
1904,1446
1904,2078
1904,6534
1905,7079
1906,1132
1907,415
1907,4481
1909,4996
1911,9470
1913,8920
1917,1026
1917,2149
1917,4906
1918,879
1918,6157
1920,1857
1924,7642
1925,3684
1929,8378
1930,6463
1934,8664
1935,624
1935,5011
1937,6641
1938,4253
1938,5899
1939,6092
1942,9515
1942,9874
1944,1686
1948,6680
1952,4283
1955,6361
1958,4829
1960,7821
1962,2171
1962,8629
1967,331
1971,6173
1972,1394
1973,1439
1974,1247
1977,3305
1978,5081
1982,435
1984,972
1987,8817
1989,4498
1989,7671
1993,1131
1998,2221
1999,1210
1999,4189
2000,8549
2001,6920
2002,4119
2003,2485
2003,8118
2005,8425
2007,4672
2012,7208
2012,9341
2014,4760
2016,2103
2017,928
2017,7016
2018,6914
2024,9322
2026,348
2031,2918
2031,4961
2031,6261
2032,391
2032,5918
2034,359
2037,9814
2040,157
2041,3046
2043,9959
2044,129
2047,2940
2047,6569
2049,5137
2049,7301
2049,9080
2057,1709
2057,3945
2058,9183
2064,9209
2065,9551
2067,890
2067,1322
2070,2097
2071,3947
2076,6086
2077,7602
2078,1904
2080,2634
2080,3883
2080,5148
2083,109
2083,2232
2083,8005
2083,9248
2084,8999
2085,991
2087,1100
2093,4556
2095,4422
2096,1272
2097,412
2097,2070
2097,2658
2097,4915
2100,8456
2101,143
2101,4023
2101,4719
2103,2016
2103,8631
2104,4101
2106,7762
2106,8679
2109,178
2109,7971
2112,551
2114,7998
2114,8997
2114,9519
2121,1698
2121,9940
2122,1039
2122,8738
2124,5575
2125,2573
2126,7545
2127,4653
2131,8873
2135,338
2137,3542
2138,1770
2142,4254
2143,2199
2146,9348
2147,3030
2147,8106
2147,8728
2149,1917
2151,6045
2152,4089
2153,2781
2153,5198
2154,4760
2155,5972
2157,1764
2157,5927
2167,566
2168,3690
2169,6011
2171,1962
2177,683
2177,9238
2180,991
2182,901
2184,3020
2187,6259
2187,9607
2190,4295
2190,7121
2191,573
2193,5267
2196,7588
2199,2143
2200,7315
2200,7590
2202,157
2206,6161
2208,589
2208,9066
2209,1089
2209,5622
2211,447
2212,3821
2213,4655
2216,3183
2218,802
2218,4891
2219,5838
2220,5710
2221,1998
2223,4232
2223,6973
2224,1725
2224,4383
2226,4604
2227,6865
2228,1299
2229,2613
2229,7397
2229,7968
2230,3922
2232,867
2232,2083
2232,6588
2233,4675
2235,7032
2238,2891
2239,3168
2239,5403
2243,8037
2245,5998
2248,3266
2249,6015
2250,7281
2251,2801
2254,6639
2255,417
2255,3217
2257,9552
2260,6605
2262,2357
2262,6983
2263,2348
2263,4834
2263,8690
2264,3688
2264,7998
2268,8762
2270,5459
2273,4607
2276,8486
2278,277
2283,5155
2285,1739
2285,4841
2286,8635
2287,2819
2287,3665
2289,6455
2292,4888
2293,7947
2293,8298
2294,4851
2295,4988
2295,8198
2297,9268
2299,7700
2303,125
2307,3016
2313,1864
2315,5252
2319,4648
2320,3495
2321,7016
2322,2805
2324,3464
2325,6340
2325,7028
2327,321
2327,1079
2329,8602
2330,8531
2331,3716
2332,7593
2333,4163
2334,3949
2338,8257
2338,9524
2342,1282
2347,2394
2347,4758
2348,2263
2349,3209
2353,303
2353,4220
2355,8821
2356,6421
2357,2262
2357,9617
2359,4431
2359,7445
2362,2720
2362,6014
2363,6975
2368,5685
2370,4096
2370,9390
2378,5645
2379,7536
2383,7111
2385,4936
2386,5628
2386,9497
2387,2688
2387,4287
2387,9086
2390,7773
2393,7356
2394,2347
2394,6903
2397,6056
2398,9283
2400,5170
2403,4713
2403,9385
2404,7696
2405,863
2406,4026
2407,7437
2411,2927
2412,5169
2412,9720
2413,3306
2414,7553
2415,4925
2416,4919
2417,4647
2420,6480
2420,7484
2420,7515
2420,8336
2423,7888
2424,9099
2425,5900
2425,6915
2427,1226
2429,5325
2431,552
2431,7287
2432,4499
2433,3776
2434,92
2434,9434
2435,1774
2437,8012
2440,3479
2441,487
2442,147
2448,9552
2449,3111
2450,3695
2451,1209
2451,2983
2452,9519
2452,9594
2453,2700
2453,3421
2454,1859
2454,6730
2457,5027
2457,9233
2460,1415
2460,8391
2461,2682
2464,7762
2468,9967
2474,7962
2475,631
2475,5835
2476,4242
2476,4472
2476,5192
2478,4044
2478,5229
2481,3579
2481,7486
2484,6892
2485,2003
2485,8164
2486,8845
2488,4648
2489,1593
2490,5466
2490,7384
2492,2830
2496,3044
2497,5629
2498,375
2500,8922
2502,9968
2506,2986
2508,2750
2508,5615
2517,1113
2522,8439
2523,9599
2525,1901
2527,1869
2527,7317
2529,5843
2531,6873
2533,6900
2533,7199
2534,1031
2534,5865
2535,3800
2543,3995
2545,5427
2545,5536
2547,1114
2551,741
2552,5656
2554,436
2555,3671
2557,7856
2558,6403
2562,8639
2563,347
2563,9827
2564,204
2566,4175
2567,1623
2567,5480
2568,215
2573,2125
2575,9528
2576,3714
2578,9353
2579,9838
2580,7631
2580,9020
2580,9308
2581,367
2585,1722
2585,5351
2587,6503
2588,1195
2589,8322
2590,2898
2592,9397
2594,6168
2596,1463
2597,6044
2598,6904
2604,2732
2604,6098
2605,6071
2606,8601
2608,7221
2610,7334
2610,8061
2611,9097
2613,2229
2620,3846
2625,1203
2629,6049
2631,2961
2631,4154
2633,9976
2634,2080
2635,3531
2636,1877
2637,9046
2640,5828
2644,4605
2647,8507
2647,9750
2652,4071
2654,3254
2654,8174
2657,2725
2658,2097
2659,6533
2660,6076
2666,9246
2669,5711
2673,7232
2676,5870
2677,7698
2679,842
2681,1003
2681,8999
2682,2461
2684,5292
2685,3405
2688,2387
2688,7328
2689,4244
2690,5655
2690,8116
2695,6584
2698,1269
2700,2453
2702,6854
2702,9028
2703,4571
2706,6157
2709,9863
2712,951
2712,5721
2716,4031
2717,1862
2719,1535
2719,5416
2720,2362
2721,907
2721,7378
2723,5126
2723,9321
2725,2657
2727,6264
2727,9803
2728,7815
2729,9309
2730,8541
2732,2604
2733,5554
2734,6624
2735,9968
2737,5066
2738,647
2738,3427
2738,9619
2739,8557
2741,881
2743,8226
2747,6542
2747,8820
2749,116
2749,9421
2750,2508
2756,4652
2758,6224
2761,5569
2763,4985
2766,4548
2767,6855
2767,7308
2769,1295
2769,4810
2772,3612
2776,1747
2777,8721
2780,1402
2781,2153
2781,2882
2782,4731
2782,7178
2782,8918
2784,9477
2785,240
2785,9588
2786,6191
2787,9541
2788,3315
2788,6381
2791,1037
2797,562
2797,4123
2801,2251
2802,7765
2805,2322
2807,7767
2808,8455
2812,6295
2813,7025
2814,8835
2816,8033
2818,1291
2819,2287
2819,4569
2820,1302
2821,1189
2821,7131
2822,44
2822,179
2824,478
2825,3397
2828,39
2828,7333
2828,9433
2830,2492
2831,5805
2834,559
2837,4691
2840,2910
2841,6789
2848,2995
2849,6659
2850,1659
2850,3984
2850,6446
2851,9672
2853,1746
2853,9692
2854,5122
2858,8351
2860,6237
2861,6
2862,6002
2862,7385
2866,4558
2867,5099
2868,8529
2873,5044
2877,1654
2878,250
2878,3994
2879,1373
2881,9252
2882,25
2882,2781
2882,3237
2889,4181
2889,7827
2891,2238
2892,9776
2895,6421
2898,632
2898,2590
2904,5714
2908,7012
2908,8704
2910,2840
2917,310
2918,2031
2920,2996
2923,5196
2924,6591
2924,8119
2927,2411
2929,8624
2930,3595
2933,133
2936,5083
2936,7544
2937,4150
2938,1312
2938,1395
2938,7147
2940,2047
2943,3284
2946,559
2947,1306
2950,4521
2953,3444
2954,8371
2956,3394
2956,7628
2957,6124
2958,4411
2958,5941
2959,1453
2961,2631
2961,7121
2962,5085
2967,2976
2967,4999
2969,8827
2970,315
2970,1029
2975,4221
2975,8743
2976,907
2976,2967
2976,4121
2977,6819
2980,9683
2983,2451
2984,4298
2984,7407
2985,9211
2986,2506
2987,9941
2989,7183
2995,1830
2995,2848
2995,8560
2996,2920
3003,4792
3004,3637
3005,4038
3006,8729
3011,8318
3016,2307
3017,9964
3018,1074
3020,2184
3022,1377
3025,8782
3029,5648
3030,2147
3030,6646
3032,6478
3033,866
3036,5210
3038,4012
3041,5067
3041,6086
3044,2496
3046,2041
3046,7671
3050,6833
3052,3573
3054,497
3057,3541
3057,6677
3057,9538
3058,7107
3060,194
3064,5907
3064,5934
3067,3884
3067,7215
3068,5189
3069,9187
3072,4276
3076,1637
3077,4021
3080,8875
3080,9312
3085,1092
3088,7710
3089,8315
3090,8901
3091,6640
3092,4979
3092,5960
3093,1526
3093,6984
3096,4187
3097,5819
3100,3225
3100,6306
3104,4087
3106,7128
3108,9639
3109,9898
3111,2449
3112,1856
3114,1514
3118,6070
3120,3249
3124,265
3130,5238
3131,7480
3134,4431
3138,9063
3140,5914
3142,3969
3143,251
3144,5183
3145,1173
3145,4988
3147,6283
3150,7907
3154,8672
3156,6005
3158,1863
3158,3258
3159,6132
3160,614
3160,5964
3161,5822
3165,1224
3166,9562
3168,2239
3170,5231
3170,6918
3171,5364
3174,294
3174,6232
3175,1386
3175,8389
3177,4510
3179,3358
3179,4703
3183,1897
3183,2216
3183,7701
3185,1043
3190,9634
3191,853
3192,5812
3193,4814
3194,8963
3197,8420
3201,4541
3205,8667
3206,8967
3209,2349
3209,8021
3212,7229
3214,9023
3215,8314
3217,2255
3218,8277
3225,3100
3232,3699
3237,2882
3237,4205
3237,5951
3239,5270
3241,9309
3242,6232
3243,3960
3244,6567
3246,6429
3248,200
3248,6159
3249,3120
3249,8449
3250,7989
3254,2654
3255,3429
3256,9802
3257,9425
3258,3158
3260,5029
3260,8431
3263,4393
3266,2248
3270,821
3270,7034
3271,746
3273,8421
3281,9993
3283,7294
3284,2943
3286,5279
3288,1294
3292,394
3294,5055
3296,7724
3296,8315
3297,1303
3297,8482
3297,8680
3298,7879
3299,8746
3300,9333
3301,6608
3302,5293
3305,1977
3306,2413
3307,7499
3307,9056
3315,2788
3317,5227
3324,5283
3326,1105
3327,8608
3332,8465
3333,501
3334,7157
3334,8151
3336,6816
3339,6546
3342,1118
3343,7906
3344,457
3344,6342
3345,5728
3346,6295
3347,287
3348,764
3348,4072
3348,7805
3351,9431
3353,3952
3353,7096
3355,4711
3358,3179
3359,222
3360,7759
3361,6115
3365,8195
3366,9738
3368,1610
3368,7473
3369,5345
3369,5849
3375,8995
3382,1612
3382,9476
3384,7069
3388,5834
3391,9659
3394,2956
3397,2825
3401,5909
3401,8955
3404,3679
3405,2685
3405,7260
3406,3569
3412,6208
3412,8484
3415,9011
3421,2453
3422,1850
3422,7222
3427,2738
3429,3255
3431,4650
3431,6197
3433,1879
3433,6674
3434,268
3434,5784
3435,8034
3437,26
3439,4876
3441,1705
3441,4520
3443,8888
3444,2953
3444,8050
3446,1183
3448,9877
3450,7669
3454,1126
3456,83
3456,269
3456,4981
3456,5394
3460,526
3461,1186
3464,2324
3466,8507
3467,3876
3468,7561
3468,9390
3469,7707
3471,4347
3471,7085
3474,4249
3476,4572
3479,2440
3480,1716
3483,536
3485,6349
3487,1696
3489,6746
3490,9027
3491,4848
3491,7137
3493,5396
3495,2320
3495,7535
3497,5569
3499,8706
3501,1133
3503,4500
3503,8183
3504,4279
3505,3977
3506,3981
3506,4942
3508,5494
3510,8968
3510,9112
3513,3899
3517,1114
3524,6126
3524,8950
3526,9972
3527,1668
3527,1751
3527,5204
3531,1184
3531,2635
3534,8932
3535,4710
3537,9920
3538,7579
3541,3057
3542,2137
3544,9695
3548,7122
3549,6559
3550,5775
3551,3725
3551,6437
3552,5850
3553,1310
3556,4370
3563,4288
3563,9465
3564,7020
3565,7140
3566,5913
3566,8976
3567,6192
3569,3406
3570,5236
3570,6948
3571,4172
3573,3052
3574,811
3577,3973
3579,2481
3582,268
3582,8758
3583,3974
3583,4944
3583,9825
3584,6852
3587,6840
3588,1736
3593,4833
3595,2930
3595,6210
3599,8543
3600,1901
3600,5971
3603,5964
3604,7149
3606,9177
3607,497
3608,8259
3609,352
3610,9396
3611,5334
3611,9770
3612,2772
3612,9841
3616,1884
3616,7408
3617,6470
3619,429
3620,9572
3625,8126
3626,5175
3628,5558
3629,1252
3629,8070
3631,9581
3633,3995
3636,4129
3637,3004
3638,6196
3638,7430
3638,9093
3641,4469
3643,5487
3643,9186
3644,6920
3649,5929
3649,6472
3650,4638
3651,9458
3654,7909
3655,7930
3656,1763
3657,6819
3658,6551
3661,1643
3662,1657
3663,5142
3664,1182
3664,5539
3664,7987
3665,2287
3665,5101
3668,115
3669,6524
3671,2555
3672,4163
3673,88
3679,3404
3679,8794
3679,9117
3680,3701
3680,7383
3680,7503
3683,1555
3684,1925
3686,761
3687,5602
3688,2264
3690,2168
3693,3935
3695,2450
3698,737
3699,3232
3699,9163
3701,3680
3711,9687
3714,2576
3715,132
3716,2331
3716,3916
3718,7168
3719,8273
3719,9793
3720,7108
3723,5703
3725,3551
3728,5976
3734,1245
3734,9282
3737,1384
3737,1616
3737,5367
3738,898
3738,1247
3739,7563
3740,5392
3743,5454
3744,8334
3745,5908
3747,4703
3748,290
3748,1710
3749,381
3749,6582
3755,9170
3756,4
3759,8808
3762,9824
3765,190
3765,986
3765,6941
3770,7868
3771,9198
3774,6148
3775,6375
3775,7627
3776,2433
3777,210
3785,6688
3785,8479
3792,3945
3794,7531
3795,4067
3797,4130
3798,7420
3798,9927
3800,2535
3801,7757
3801,9398
3802,1238
3806,7009
3811,7844
3813,7142
3816,1846
3821,383
3821,2212
3831,1041
3831,9146
3832,8828
3833,4974
3833,5383
3835,8500
3838,7470
3838,9406
3839,9673
3841,9596
3842,7560
3846,2620
3846,4874
3848,9284
3848,9856
3852,550
3852,7723
3853,7031
3855,8941
3856,8327
3857,4838
3857,9051
3859,8461
3861,3870
3861,3975
3862,5632
3863,4934
3863,7756
3864,3960
3865,7246
3867,7438
3867,7912
3870,3861
3871,105
3871,1088
3873,1711
3875,6160
3876,3467
3876,7357
3878,6167
3883,2080
3884,610
3884,3067
3885,9042
3886,4652
3893,9685
3894,6079
3895,1488
3897,5157
3898,5816
3899,845
3899,3513
3902,5484
3904,4970
3911,9229
3912,616
3912,7143
3914,9844
3916,3716
3916,4578
3917,8578
3920,4527
3920,5001
3922,2230
3924,6079
3925,5318
3932,8955
3932,9851
3934,1416
3935,3693
3942,9372
3945,2057
3945,3792
3945,7160
3947,2071
3947,8041
3948,9713
3949,2334
3949,5664
3952,3353
3954,709
3956,7615
3957,9258
3959,5862
3960,3243
3960,3864
3961,1284
3966,6414
3969,3142
3970,7550
3970,8207
3972,7070
3973,3577
3973,6919
3974,3583
3974,9135
3975,3861
3976,5661
3977,3505
3977,9790
3978,8474
3979,5198
3979,6982
3981,3506
3982,8612
3984,2850
3985,9467
3987,9342
3993,4538
3994,2878
3995,2543
3995,3633
4005,822
4005,8773
4012,3038
4014,6432
4021,3077
4022,1752
4022,5933
4022,9315
4023,2101
4025,5894
4026,2406
4027,8906
4029,611
4031,2716
4036,8970
4038,3005
4041,795
4044,2478
4045,902
4048,6305
4052,4603
4062,7034
4064,4677
4066,4760
4067,3795
4069,5420
4070,4749
4071,2652
4072,3348
4076,792
4076,7538
4077,9220
4079,9727
4081,559
4082,4644
4082,5895
4083,940
4084,5446
4086,6528
4087,3104
4087,5022
4088,204
4088,4761
4088,9051
4089,2152
4091,4222
4093,8206
4096,1728
4096,2370
4101,562
4101,2104
4102,9590
4104,973
4104,7087
4106,1609
4112,8558
4114,5755
4115,5512
4119,2002
4119,5071
4119,6705
4119,6774
4120,7089
4121,2976
4122,4672
4123,2797
4124,1215
4127,8915
4127,9745
4128,6882
4129,3636
4130,3797
4135,4825
4138,8540
4139,9088
4140,7646
4140,8432
4140,9888
4141,5192
4142,9
4145,9586
4149,6920
4150,2937
4150,7113
4151,9325
4153,715
4153,8095
4154,2631
4155,6208
4155,7545
4157,533
4159,6113
4163,2333
4163,3672
4163,6203
4164,9931
4165,1086
4166,4941
4172,3571
4174,4521
4174,8506
4175,2566
4176,6722
4179,7951
4180,532
4181,2889
4182,7813
4185,5851
4187,808
4187,3096
4189,1999
4190,5550
4190,7129
4191,5258
4193,5584
4194,6134
4194,6156
4194,8244
4196,7910
4197,9752
4198,4882
4200,5309
4201,9390
4203,1728
4204,4732
4205,3237
4206,8800
4208,1154
4210,4236
4210,9030
4211,8249
4213,6674
4213,8927
4214,63
4215,4398
4219,7682
4220,2353
4221,2975
4222,4091
4222,6707
4222,7261
4227,7194
4232,2223
4233,305
4233,8468
4235,981
4235,7810
4236,4210
4239,101
4240,6391
4241,407
4242,2476
4244,2689
4249,1215
4249,3474
4251,5465
4251,5859
4252,5948
4252,8059
4252,8483
4253,1938
4253,9331
4254,2142
4255,525
4256,8771
4260,8546
4261,6170
4262,923
4263,8296
4268,5241
4271,9999
4276,3072
4277,1903
4279,3504
4280,7546
4281,4459
4283,1952
4287,2387
4288,3563
4289,8443
4290,5622
4291,373
4292,6426
4295,2190
4297,9302
4298,2984
4298,7266
4302,6280
4304,8052
4306,5698
4307,7988
4308,9865
4309,1691
4309,9179
4312,1837
4312,6620
4315,5549
4318,1216
4329,1279
4330,7935
4331,5214
4331,7814
4332,1658
4334,4591
4335,721
4337,6254
4337,7660
4337,8649
4338,7680
4341,8970
4344,1171
4346,4870
4347,3471
4348,6738
4353,1543
4353,9016
4358,4790
4364,6144
4365,1498
4365,7574
4370,1155
4370,3556
4370,5906
4373,5852
4373,6210
4373,9816
4377,5647
4383,2224
4383,7215
4384,226
4384,6528
4386,40
4392,1598
4393,3263
4394,583
4398,4215
4399,5795
4399,8438
4401,1733
4401,7357
4403,9407
4404,1801
4404,5459
4404,5969
4404,9200
4409,9708
4410,5610
4411,2958
4413,5036
4413,6809
4413,7477
4413,9882
4415,7247
4416,5068
4422,2095
4422,9665
4431,2359
4431,3134
4436,9082
4437,158
4444,6783
4447,1725
4452,6185
4453,9819
4454,7404
4455,147
4455,6379
4456,812
4457,1691
4457,8925
4459,4281
4462,611
4466,7074
4466,7806
4468,9579
4469,3641
4471,5446
4471,8332
4472,2476
4473,9905
4474,9938
4475,230
4475,5240
4480,1529
4481,1907
4482,6585
4485,4685
4486,9795
4487,8540
4488,7525
4489,463
4491,5145
4492,6014
4492,9297
4493,471
4494,1822
4495,71
4496,9350
4497,1791
4498,1989
4499,2432
4500,3503
4505,7623
4505,9549
4509,17
4509,7377
4510,3177
4511,8003
4513,6875
4514,5137
4517,5425
4517,6586
4520,3441
4521,1855
4521,2950
4521,4174
4523,4605
4525,1293
4525,9376
4526,5586
4527,164
4527,3920
4529,6346
4529,7248
4531,8040
4532,5840
4533,8854
4537,1033
4537,7617
4538,3993
4538,8216
4541,3201
4542,6041
4545,7879
4548,1310
4548,2766
4550,258
4556,2093
4558,2866
4558,7632
4561,6148
4569,2819
4569,6892
4570,1046
4571,2703
4572,3476
4578,3916
4584,4987
4588,6570
4588,9487
4589,61
4591,4334
4592,9372
4597,6922
4603,1430
4603,4052
4604,2226
4605,1582
4605,2644
4605,4523
4607,2273
4610,9272
4611,90
4616,1186
4618,1297
4619,6115
4624,1158
4624,9728
4625,4887
4630,9975
4633,8396
4634,6469
4638,3650
4638,6760
4643,1056
4644,4082
4647,1895
4647,2417
4648,2319
4648,2488
4650,3431
4652,2756
4652,3886
4652,5487
4653,1204
4653,2127
4655,2213
4657,5018
4665,4936
4665,7196
4665,8034
4665,8260
4666,1179
4667,8432
4672,2007
4672,4122
4675,2233
4677,4064
4680,759
4681,6341
4683,8926
4685,4485
4688,6958
4688,9086
4688,9160
4689,5936
4690,161
4691,2837
4693,9173
4694,175
4697,1451
4703,3179
4703,3747
4704,5136
4706,5880
4706,7235
4706,8382
4709,902
4710,3535
4710,8329
4711,3355
4711,6602
4713,2403
4715,7411
4719,2101
4719,7393
4720,709
4724,9703
4728,6796
4730,4951
4730,6928
4731,2782
4732,4204
4734,547
4736,9824
4740,8572
4744,7398
4746,7651
4746,7667
4747,4896
4749,4070
4756,429
4758,2347
4760,2014
4760,2154
4760,4066
4761,676
4761,4088
4766,8822
4769,1857
4769,4892
4770,8153
4773,1534
4773,7697
4778,9037
4783,5766
4784,1680
4784,6469
4788,7250
4788,9204
4789,237
4790,75
4790,4358
4791,450
4792,3003
4792,5006
4794,5107
4800,341
4800,7768
4804,181
4807,7625
4810,2769
4810,8412
4812,8943
4812,9695
4813,5732
4814,3193
4816,6113
4820,5315
4821,8538
4825,4135
4826,8996
4827,6878
4828,5872
4828,7731
4829,1958
4829,8783
4833,3593
4834,2263
4838,3857
4841,2285
4841,8085
4843,9008
4846,4890
4847,603
4848,3491
4851,2294
4851,7955
4851,8408
4852,7578
4853,9820
4856,4882
4856,9630
4860,7091
4862,8411
4862,8916
4866,8723
4870,4346
4874,3846
4874,9719
4875,7281
4876,3439
4879,9780
4880,8404
4881,5306
4881,8083
4882,4198
4882,4856
4887,4625
4887,9142
4888,2292
4888,8569
4890,4846
4891,2218
4891,5068
4891,7041
4892,4769
4894,6584
4896,4747
4896,5386
4897,7890
4901,7860
4903,76
4903,5919
4905,9791
4906,1917
4910,7890
4911,9123
4912,6372
4912,6502
4915,2097
4915,7071
4919,2416
4921,1803
4925,2415
4927,9821
4929,5678
4933,7597
4934,3863
4934,8500
4936,2385
4936,4665
4937,5700
4938,456
4941,4166
4941,5893
4942,3506
4943,5924
4943,7180
4944,3583
4944,7659
4950,8527
4951,4730
4957,9091
4961,2031
4961,5476
4961,6476
4967,5068
4970,3904
4971,8979
4972,5658
4973,8525
4974,11
4974,3833
4975,8561
4975,8957
4979,821
4979,1717
4979,3092
4979,5128
4981,3456
4984,1514
4984,8258
4985,2763
4987,4584
4988,2295
4988,3145
4992,1031
4995,308
4996,1909
4998,5140
4999,2967
5000,5811
5001,3920
5001,7428
5005,7587
5006,4792
5007,8942
5011,1935
5012,5710
5014,287
5014,8754
5018,4657
5020,238
5020,411
5022,4087
5026,8936
5026,9241
5027,2457
5029,3260
5032,5451
5036,4413
5039,203
5040,9759
5042,6624
5044,2873
5045,1085
5046,8982
5047,5157
5055,3294
5056,6921
5061,9557
5062,1397
5062,5483
5063,5618
5065,5604
5066,510
5066,1403
5066,2737
5066,5168
5066,5759
5067,3041
5067,8738
5068,4416
5068,4891
5068,4967
5068,8026
5071,4119
5076,6864
5078,1303
5080,6258
5081,1978
5083,2936
5085,2962
5086,1244
5086,7865
5088,7318
5089,1761
5091,1893
5097,6562
5097,7792
5099,2867
5101,3665
5103,489
5104,8399
5106,6178
5107,4794
5107,5355
5110,9315
5111,6002
5116,5653
5117,7993
5121,998
5122,2854
5122,6065
5122,7856
5123,6017
5124,8143
5125,9822
5126,2723
5128,1434
5128,4979
5131,1871
5131,5514
5134,7931
5136,4704
5137,2049
5137,4514
5140,4998
5142,3663
5143,6735
5143,8058
5145,4491
5148,2080
5152,5273
5153,1394
5155,2283
5157,3897
5157,5047
5159,6698
5164,290
5165,6544
5168,5066
5169,2412
5169,7096
5170,2400
5172,9066
5173,5978
5175,3626
5175,7584
5176,9981
5177,120
5183,3144
5189,3068
5189,6390
5192,2476
5192,4141
5195,8314
5195,9254
5196,2923
5198,2153
5198,3979
5201,6929
5204,3527
5205,5557
5206,8383
5210,349
5210,3036
5210,5687
5213,9739
5214,4331
5214,5975
5214,7564
5215,1103
5215,5848
5218,1777
5219,8353
5221,8932
5222,6625
5224,9072
5226,7103
5227,3317
5228,6996
5228,8461
5229,2478
5230,9612
5231,3170
5233,7804
5236,3570
5238,3130
5240,4475
5241,873
5241,4268
5243,6017
5251,6939
5252,2315
5253,6500
5257,8547
5258,4191
5260,9417
5267,2193
5269,6072
5270,3239
5272,1673
5273,5152
5275,1712
5277,549
5277,5360
5279,3286
5281,8061
5282,1388
5283,3324
5285,7918
5290,838
5292,2684
5293,3302
5294,7711
5304,8930
5305,5349
5306,4881
5307,8613
5307,8654
5307,8964
5308,8789
5309,4200
5310,7103
5310,7160
5315,4820
5316,272
5318,3925
5323,5620
5323,5880
5325,2429
5327,6012
5328,97
5330,6093
5330,6392
5334,3611
5339,5754
5342,5367
5344,6611
5345,3369
5348,6855
5349,5305
5350,8339
5351,2585
5351,5942
5355,5107
5357,1285
5357,8785
5359,981
5360,1696
5360,5277
5361,7369
5364,952
5364,3171
5367,3737
5367,5342
5367,6380
5369,6759
5371,5497
5371,9559
5374,792
5374,1781
5375,1668
5377,7264
5381,7744
5382,6802
5382,7496
5383,1614
5383,3833
5383,6610
5384,9287
5386,4896
5386,5592
5386,9775
5387,8878
5388,1670
5392,3740
5394,3456
5396,3493
5397,1319
5401,7532
5401,9459
5402,451
5402,6093
5403,2239
5403,9428
5406,8474
5407,9721
5408,8388
5410,9242
5413,6470
5414,131
5416,2719
5416,9379
5420,4069
5420,9851
5422,9828
5425,4517
5425,7753
5425,9687
5427,2545
5431,5584
5431,9092
5432,816
5437,9420
5438,1708
5439,8469
5446,4084
5446,4471
5448,9100
5450,8973
5451,5032
5452,8544
5453,6060
5454,1826
5454,3743
5457,9097
5457,9857
5459,2270
5459,4404
5461,8842
5464,198
5465,4251
5466,2490
5468,1413
5473,1071
5474,1608
5474,7131
5474,7309
5474,9864
5475,7186
5476,643
5476,4961
5480,2567
5480,9828
5482,342
5483,5062
5484,3902
5485,9000
5487,3643
5487,4652
5487,5559
5492,8921
5494,520
5494,3508
5496,8995
5497,5371
5497,9784
5499,8489
5500,926
5502,5756
5503,6390
5504,9390
5506,9409
5507,7983
5512,4115
5514,5131
5516,6417
5516,8681
5517,9254
5520,5724
5522,1041
5523,5546
5524,6857
5525,232
5525,6017
5525,8046
5526,9934
5527,7337
5531,7979
5535,7117
5536,2545
5537,1620
5537,6926
5539,3664
5541,311
5545,6276
5546,5523
5546,6693
5548,1570
5549,4315
5549,5594
5549,9459
5550,4190
5552,6029
5553,7977
5554,2733
5554,9299
5556,7576
5556,7670
5557,5205
5557,6187
5558,3628
5559,5487
5561,5748
5564,8471
5569,2761
5569,3497
5570,7137
5570,7911
5572,8205
5573,5917
5575,2124
5580,7340
5584,4193
5584,5431
5586,4526
5588,868
5588,8319
5588,9740
5590,7072
5591,6560
5592,5386
5594,5549
5599,7881
5602,1403
5602,3687
5604,1777
5604,5065
5610,4410
5610,6622
5611,8395
5614,9477
5615,683
5615,2508
5618,5063
5619,1259
5620,5323
5621,7108
5622,2209
5622,4290
5623,1276
5624,6982
5625,9343
5626,788
5627,1255
5627,7410
5628,2386
5629,2497
5632,3862
5634,6850
5638,8751
5644,6625
5645,1684
5645,2378
5647,4377
5647,6944
5648,3029
5649,9087
5653,5116
5654,6031
5655,2690
5656,2552
5656,9274
5658,4972
5659,1800
5659,9185
5661,3976
5662,6088
5663,6701
5664,3949
5666,582
5668,9080
5671,7754
5675,1825
5677,1030
5678,4929
5678,7556
5679,161
5681,6514
5685,2368
5687,5210
5689,7975
5690,1102
5690,6969
5693,6146
5697,8155
5698,4306
5700,4937
5702,747
5703,3723
5704,39
5706,7397
5707,8328
5708,6537
5710,2220
5710,5012
5711,781
5711,2669
5711,7746
5714,164
5714,2904
5714,7642
5715,9812
5718,8376
5719,9542
5721,368
5721,2712
5722,8914
5723,8932
5724,5520
5727,6669
5728,3345
5731,490
5731,710
5732,4813
5737,7762
5738,9074
5738,9102
5739,863
5741,222
5744,401
5748,5561
5750,8006
5754,5339
5755,4114
5756,5502
5758,6252
5759,5066
5761,1236
5764,8345
5766,4783
5770,7476
5774,6412
5775,3550
5778,7578
5778,9592
5784,1650
5784,3434
5784,8537
5784,9147
5788,1719
5789,8119
5795,4399
5796,6607
5797,218
5799,6059
5802,5830
5803,61
5804,395
5805,2831
5806,930
5806,6781
5808,8823
5810,6570
5811,5000
5812,3192
5813,8704
5816,3898
5819,3097
5820,607
5822,3161
5826,7862
5828,2640
5830,5802
5830,7899
5831,7082
5832,7027
5833,6278
5834,3388
5835,2475
5836,7797
5837,599
5838,2219
5839,1786
5840,4532
5841,7392
5843,2529
5845,5850
5847,9334
5848,5215
5849,31
5849,3369
5849,6699
5850,3552
5850,5845
5850,7330
5851,4185
5851,8621
5852,4373
5854,1284
5856,7852
5859,4251
5862,3959
5865,2534
5870,2676
5871,8618
5872,4828
5874,1827
5879,1362
5879,9992
5880,4706
5880,5323
5887,8305
5888,8811
5890,6768
5890,9096
5890,9945
5892,244
5892,9979
5893,755
5893,4941
5894,1558
5894,4025
5895,4082
5897,939
5899,1938
5900,1737
5900,2425
5900,6621
5903,8557
5906,4370
5906,8829
5907,3064
5908,3745
5909,3401
5913,3566
5914,3140
5915,7
5915,7258
5916,1775
5917,5573
5918,564
5918,2032
5919,4903
5920,7599
5924,57
5924,4943
5925,7995
5927,100
5927,2157
5929,3649
5929,6019
5931,6426
5933,4022
5934,3064
5936,4689
5941,2958
5942,5351
5942,9790
5946,6259
5948,4252
5949,9444
5950,7604
5950,8479
5951,3237
5951,8394
5952,8529
5956,7727
5957,1381
5960,3092
5964,3160
5964,3603
5964,7833
5965,107
5969,4404
5971,3600
5971,6984
5972,2155
5973,6664
5975,1703
5975,5214
5976,3728
5977,6980
5978,5173
5981,8958
5982,7103
5986,9044
5994,292
5995,8977
5998,2245
5999,7386
6002,2862
6002,5111
6003,280
6005,3156
6006,8727
6007,56
6008,1107
6009,6177
6011,2169
6011,7598
6012,5327
6012,9980
6014,2362
6014,4492
6015,2249
6015,6150
6017,5123
6017,5243
6017,5525
6018,9241
6019,5929
6022,1785
6023,6296
6024,8426
6026,9214
6029,5552
6029,7490
6031,5654
6037,6130
6040,1127
6040,7211
6041,4542
6042,1803
6044,2597
6044,8662
6045,324
6045,2151
6049,2629
6052,9142
6054,9959
6056,2397
6058,428
6059,5799
6060,5453
6063,6688
6065,5122
6066,8264
6066,8968
6070,3118
6071,2605
6072,5269
6072,9876
6073,6972
6074,1890
6074,8842
6076,2660
6079,3894
6079,3924
6079,7608
6080,180
6086,2076
6086,3041
6088,5662
6089,7663
6091,6371
6092,1939
6092,9066
6093,5330
6093,5402
6093,6158
6095,8874
6097,6803
6097,9776
6098,1246
6098,2604
6099,7050
6100,9555
6101,6262
6101,9391
6102,1888
6103,1607
6109,6772
6113,4159
6113,4816
6115,3361
6115,4619
6117,8020
6124,2957
6126,3524
6126,6468
6126,7672
6129,1439
6129,6258
6130,6037
6132,3159
6134,1337
6134,4194
6137,9532
6139,1458
6141,165
6143,1443
6143,9561
6144,4364
6144,7805
6146,5693
6148,3774
6148,4561
6148,8424
6150,6015
6151,531
6152,6698
6155,1052
6156,4194
6156,8143
6157,1918
6157,2706
6158,6093
6158,7138
6159,3248
6160,1670
6160,3875
6160,9800
6161,2206
6162,8280
6167,3878
6168,1654
6168,2594
6168,9580
6168,9917
6169,9689
6170,4261
6172,1291
6173,1971
6177,6009
6178,5106
6183,1299
6185,4452
6187,5557
6189,8683
6191,2786
6192,3567
6192,6248
6196,3638
6196,9741
6197,3431
6201,1457
6201,8562
6203,4163
6203,6395
6203,8581
6203,9629
6206,9161
6207,7007
6207,7070
6208,3412
6208,4155
6209,460
6209,611
6209,9446
6209,9569
6210,3595
6210,4373
6215,8377
6215,8675
6218,9737
6224,2758
6225,1067
6229,8461
6232,3174
6232,3242
6234,7206
6235,6819
6235,9337
6237,1486
6237,2860
6243,8524
6246,1393
6246,7683
6246,8702
6246,9531
6247,558
6248,6192
6250,9077
6252,5758
6253,8409
6254,4337
6256,9011
6257,7170
6258,5080
6258,6129
6258,6323
6259,2187
6259,5946
6261,2031
6262,6101
6263,8026
6264,85
6264,2727
6266,6782
6268,6432
6273,7720
6273,9711
6274,7924
6275,6725
6276,5545
6276,6599
6278,5833
6279,9248
6279,9944
6280,4302
6280,9495
6282,8835
6283,3147
6283,7468
6286,1268
6290,9124
6291,132
6295,2812
6295,3346
6296,6023
6300,6567
6301,1366
6302,7517
6304,9822
6305,1408
6305,4048
6306,3100
6308,9363
6309,6337
6309,9546
6312,62
6314,1135
6316,1687
6320,9828
6322,8039
6323,6258
6327,1588
6329,7870
6333,9076
6334,7699
6334,9516
6337,6309
6338,7661
6340,2325
6341,4681
6342,3344
6344,9838
6346,4529
6346,8766
6348,8913
6349,3485
6353,1819
6353,1841
6359,9549
6361,1955
6362,356
6365,1045
6365,7889
6371,6091
6372,4912
6372,7099
6374,6825
6375,642
6375,3775
6376,9864
6377,9959
6378,7103
6379,4455
6380,5367
6381,2788
6383,7073
6386,296
6386,8745
6390,5189
6390,5503
6390,6548
6391,4240
6391,8436
6392,5330
6394,7786
6394,8796
6395,6203
6397,8440
6399,9501
6401,238
6401,7303
6403,2558
6411,1455
6412,5774
6412,6939
6413,8871
6414,3966
6417,5516
6417,8912
6421,2356
6421,2895
6425,9700
6426,4292
6426,5931
6426,7852
6427,1422
6429,3246
6432,4014
6432,6268
6433,123
6433,6993
6433,8365
6435,813
6437,3551
6440,443
6444,6677
6446,2850
6455,2289
6455,8292
6455,8698
6457,7055
6459,7649
6460,1465
6462,6632
6463,1930
6464,9022
6465,560
6467,289
6467,6641
6468,120
6468,6126
6469,4634
6469,4784
6470,3617
6470,5413
6470,9427
6472,3649
6474,1843
6474,9028
6476,4961
6476,9878
6478,3032
6478,7695
6479,6868
6480,2420
6481,8806
6482,635
6482,8087
6483,244
6485,7337
6486,9210
6486,9464
6489,8827
6500,5253
6501,7016
6502,4912
6503,2587
6505,1465
6508,713
6509,119
6510,6729
6512,8384
6514,437
6514,5681
6519,1674
6524,802
6524,3669
6524,8434
6525,7595
6528,4086
6528,4384
6533,2659
6534,1904
6537,5708
6542,2747
6544,5165
6546,3339
6547,9774
6548,6390
6551,397
6551,3658
6554,6897
6554,7484
6554,8549
6557,6945
6559,3549
6560,5591
6562,5097
6567,3244
6567,6300
6569,1389
6569,2047
6570,4588
6570,5810
6574,343
6574,8487
6574,8942
6577,565
6582,3749
6583,1675
6584,2695
6584,4894
6585,4482
6586,4517
6588,2232
6588,8045
6591,2924
6593,8026
6598,594
6598,896
6598,9022
6599,6276
6601,6608
6602,4711
6603,8769
6603,9053
6605,314
6605,2260
6605,6858
6607,5796
6607,8617
6608,3301
6608,6601
6608,7627
6608,8774
6609,9493
6610,5383
6610,9365
6611,1422
6611,1535
6611,5344
6617,1139
6620,4312
6621,5900
6622,5610
6622,8786
6624,2734
6624,5042
6625,5222
6625,5644
6627,9192
6632,6462
6636,8366
6636,9087
6637,8732
6639,2254
6640,3091
6641,1937
6641,6467
6644,9096
6645,687
6645,6862
6646,3030
6647,7848
6648,9869
6649,8347
6651,8986
6655,7880
6659,2849
6661,1444
6661,7387
6664,1868
6664,5973
6665,6691
6669,5727
6670,276
6672,9802
6674,3433
6674,4213
6677,3057
6677,6444
6678,8325
6678,8921
6680,1948
6684,9017
6688,3785
6688,6063
6691,6665
6693,1648
6693,5546
6698,5159
6698,6152
6699,5849
6700,217
6701,5663
6705,4119
6707,4222
6708,9039
6710,1184
6710,6956
6716,1096
6722,4176
6722,7130
6724,142
6725,556
6725,859
6725,6275
6725,8416
6729,6510
6729,7556
6729,8406
6730,1453
6730,2454
6732,293
6732,7184
6735,5143
6738,4348
6738,8702
6746,3489
6750,9068
6753,463
6754,1165
6754,7081
6758,9070
6759,5369
6759,8457
6759,9624
6760,4638
6761,1030
6765,8275
6768,5890
6772,6109
6772,9038
6772,9860
6774,4119
6775,8053
6775,8807
6779,164
6780,399
6781,5806
6782,6266
6783,4444
6786,1832
6787,6899
6787,7634
6789,2841
6795,8897
6796,4728
6797,438
6802,5382
6803,6097
6803,7509
6806,1836
6808,9370
6809,4413
6809,7761
6810,1511
6812,581
6813,1723
6814,9524
6816,3336
6819,2977
6819,3657
6819,6235
6821,7256
6822,9096
6822,9547
6825,6374
6826,8717
6832,7430
6833,3050
6838,9035
6840,3587
6840,9207
6841,6880
6842,7578
6842,8670
6843,8412
6844,9154
6850,5634
6852,3584
6854,2702
6855,2767
6855,5348
6856,8133
6857,5524
6858,6605
6862,6645
6864,5076
6865,56
6865,2227
6868,6479
6869,241
6871,9267
6873,2531
6873,6964
6875,4513
6878,4827
6880,6841
6880,7498
6882,4128
6884,567
6884,1679
6892,2484
6892,4569
6893,8347
6897,6554
6897,8216
6898,7061
6899,6787
6900,2533
6902,1330
6903,2394
6904,2598
6908,7919
6914,2018
6915,247
6915,2425
6918,3170
6919,3973
6920,133
6920,2001
6920,3644
6920,4149
6921,1621
6921,5056
6922,4597
6924,7064
6926,924
6926,5537
6926,7587
6928,4730
6928,8707
6929,5201
6932,8924
6939,800
6939,5251
6939,6412
6941,3765
6944,5647
6945,6557
6948,3570
6948,8304
6948,8505
6952,9109
6954,8436
6956,6710
6958,4688
6964,6873
6969,5690
6972,225
6972,6073
6972,9044
6973,2223
6975,2363
6978,589
6980,5977
6982,3979
6982,5624
6983,2262
6984,3093
6984,5971
6988,653
6989,1636
6989,1708
6990,8063
6991,212
6993,6433
6993,9441
6996,5228
7004,7425
7007,6207
7009,3806
7012,1618
7012,2908
7013,8130
7015,9680
7016,2017
7016,2321
7016,6501
7019,1081
7020,3564
7020,7126
7020,8590
7021,7484
7023,9732
7025,2813
7026,1682
7027,5832
7027,7912
7028,2325
7030,7532
7031,3853
7032,2235
7033,1754
7034,3270
7034,4062
7041,4891
7046,7137
7050,6099
7050,7893
7055,6457
7055,7622
7055,9830
7061,6898
7064,6924
7069,374
7069,3384
7070,858
7070,3972
7070,6207
7071,4915
7071,7735
7072,5590
7073,6383
7074,4466
7079,1905
7081,6754
7082,5831
7083,9536
7084,8244
7085,3471
7087,4104
7088,9020
7089,4120
7091,4860
7093,8107
7096,3353
7096,5169
7096,7249
7099,6372
7101,7556
7103,5226
7103,5310
7103,5982
7103,6378
7107,3058
7108,1585
7108,3720
7108,5621
7111,449
7111,2383
7113,1894
7113,4150
7113,9587
7117,5535
7120,8922
7121,2190
7121,2961
7122,3548
7124,8403
7126,7020
7128,3106
7128,9511
7129,4190
7130,6722
7130,9823
7131,2821
7131,5474
7134,8454
7137,3491
7137,5570
7137,7046
7137,9600
7138,27
7138,6158
7140,3565
7142,3813
7143,981
7143,3912
7147,143
7147,2938
7148,8913
7149,3604
7149,8234
7150,9793
7152,8559
7157,3334
7159,8732
7159,9456
7160,3945
7160,5310
7167,7679
7167,7715
7168,3718
7170,6257
7171,234
7171,8870
7175,7416
7178,2782
7180,1414
7180,4943
7183,2989
7183,7859
7184,6732
7184,7187
7184,9793
7186,5475
7187,7184
7190,7974
7192,9130
7193,7769
7194,4227
7195,987
7196,4665
7199,2533
7204,22
7204,8096
7206,6234
7206,9919
7208,2012
7211,1647
7211,6040
7215,3067
7215,4383
7218,9506
7221,2608
7221,8781
7222,3422
7223,7575
7223,8388
7225,882
7226,7270
7228,34
7229,3212
7232,2673
7235,4706
7245,15
7246,3865
7246,9179
7247,4415
7248,4529
7248,7735
7249,7096
7250,4788
7254,7544
7256,6821
7256,9737
7258,5915
7260,3405
7261,4222
7264,5377
7266,4298
7268,7457
7268,8726
7270,7226
7271,9938
7275,9660
7280,9317
7281,2250
7281,4875
7283,9254
7287,2431
7290,548
7294,3283
7295,8942
7301,2049
7303,6401
7304,9946
7308,2767
7309,5474
7310,1204
7311,8591
7314,7829
7315,2200
7317,2527
7318,5088
7321,9753
7323,8449
7328,2688
7330,5850
7333,2828
7334,2610
7336,113
7337,5527
7337,6485
7338,8692
7340,5580
7343,8766
7344,7504
7344,7886
7349,7934
7351,9052
7356,2393
7357,3876
7357,4401
7357,9608
7367,8298
7369,5361
7369,8110
7377,4509
7378,2721
7383,3680
7384,2490
7385,2862
7386,5999
7387,6661
7392,5841
7393,4719
7397,2229
7397,5706
7397,8880
7398,4744
7403,1135
7404,4454
7404,8504
7407,1669
7407,2984
7408,3616
7410,5627
7411,4715
7413,8061
7416,7175
7418,8833
7419,608
7420,3798
7421,7949
7425,7004
7427,499
7428,5001
7430,3638
7430,6832
7430,8653
7437,351
7437,2407
7438,3867
7441,431
7441,1302
7445,2359
7447,7863
7453,1692
7456,1206
7457,7268
7460,9622
7461,9507
7462,7939
7464,644
7464,8124
7464,9145
7467,8271
7468,6283
7470,3838
7471,9830
7473,307
7473,3368
7476,5770
7476,9797
7477,4413
7477,8448
7480,1701
7480,3131
7481,9013
7484,2420
7484,6554
7484,7021
7486,2481
7486,9274
7488,7845
7490,6029
7491,1812
7496,5382
7498,840
7498,6880
7499,3307
7500,9613
7503,3680
7504,7344
7506,8169
7509,6803
7510,1595
7510,7577
7510,8463
7514,1284
7515,2420
7517,6302
7525,4488
7525,8897
7527,8358
7531,3794
7532,5401
7532,7030
7535,3495
7536,2379
7538,4076
7539,554
7539,9712
7544,2936
7544,7254
7545,2126
7545,4155
7546,4280
7546,9347
7550,3970
7553,2414
7553,9668
7556,5678
7556,6729
7556,7101
7558,1102
7560,1684
7560,3842
7560,9611
7561,3468
7563,3739
7564,5214
7574,4365
7575,7223
7575,7682
7576,5556
7577,868
7577,7510
7577,9939
7578,4852
7578,5778
7578,6842
7578,8815
7578,9883
7579,3538
7580,154
7580,8537
7584,5175
7584,9011
7587,5005
7587,6926
7588,2196
7589,7804
7589,8796
7590,2200
7591,8733
7591,9536
7593,2332
7595,6525
7597,386
7597,4933
7598,6011
7599,5920
7601,8609
7602,2077
7603,8098
7604,5950
7604,9633
7605,8996
7606,9479
7608,6079
7615,3956
7615,9099
7617,4537
7619,8788
7620,8998
7622,1424
7622,7055
7623,4505
7625,4807
7626,911
7627,3775
7627,6608
7627,9179
7628,2956
7630,426
7631,2580
7631,9644
7632,1817
7632,4558
7633,9958
7634,6787
7637,8576
7638,8469
7639,149
7642,1924
7642,5714
7646,4140
7648,9122
7649,6459
7651,4746
7651,9550
7659,4944
7660,4337
7661,6338
7663,6089
7667,4746
7669,3450
7669,9172
7670,5556
7671,1989
7671,3046
7671,9935
7672,6126
7673,8797
7673,9018
7679,7167
7680,4338
7682,4219
7682,7575
7683,6246
7688,757
7695,6478
7696,2404
7697,4773
7698,2677
7699,6334
7700,1889
7700,2299
7701,3183
7707,805
7707,3469
7710,3088
7710,9214
7711,5294
7712,1547
7715,7167
7718,600
7718,9589
7720,6273
7723,3852
7724,3296
7726,8556
7727,5956
7730,1624
7730,8192
7731,4828
7735,7071
7735,7248
7739,37
7739,8077
7744,5381
7746,1210
7746,5711
7746,7995
7748,8578
7749,98
7753,5425
7754,5671
7755,8552
7756,3863
7757,3801
7757,8190
7759,3360
7761,1657
7761,6809
7762,695
7762,2106
7762,2464
7762,5737
7762,8939
7765,2802
7767,2807
7768,4800
7769,7193
7769,9487
7770,8493
7770,8603
7773,2390
7776,1605
7777,206
7777,8897
7786,6394
7791,985
7792,5097
7797,5836
7802,8211
7803,7958
7804,5233
7804,7589
7805,3348
7805,6144
7805,7921
7806,4466
7806,9352
7810,4235
7813,854
7813,4182
7814,4331
7815,2728
7815,8057
7820,1272
7820,9518
7821,1960
7821,8637
7827,2889
7829,7314
7829,8691
7830,8222
7833,5964
7840,1510
7842,9863
7843,8119
7844,3811
7845,7488
7848,6647
7852,5856
7852,6426
7854,1242
7856,2557
7856,5122
7857,103
7858,910
7859,7183
7860,4901
7862,5826
7862,9835
7863,7447
7865,1654
7865,5086
7866,1121
7868,3770
7870,6329
7870,9274
7871,8934
7877,8934
7879,3298
7879,4545
7880,6655
7881,5599
7882,8021
7883,75
7884,1231
7886,7344
7887,8283
7888,262
7888,2423
7889,6365
7890,4897
7890,4910
7893,7050
7898,1272
7898,9492
7899,5830
7904,9947
7906,3343
7907,3150
7909,3654
7909,9078
7910,224
7910,664
7910,4196
7911,5570
7912,3867
7912,7027
7916,7968
7917,8323
7918,5285
7918,9980
7919,6908
7921,641
7921,7805
7922,1151
7923,7999
7924,6274
7926,1677
7930,3655
7931,5134
7932,192
7933,8790
7934,7349
7935,4330
7937,8469
7939,7462
7940,21
7940,1142
7941,266
7941,443
7943,723
7944,8496
7946,245
7947,2293
7947,8865
7949,7421
7951,4179
7954,222
7955,4851
7958,7803
7961,872
7961,1063
7961,9124
7962,584
7962,2474
7963,1176
7968,2229
7968,7916
7971,2109
7974,7190
7975,5689
7977,5553
7978,9200
7979,5531
7980,1528
7981,8641
7983,880
7983,5507
7985,9338
7987,3664
7988,4307
7989,1879
7989,3250
7992,397
7993,5117
7995,5925
7995,7746
7997,8619
7998,2114
7998,2264
7999,7923
8003,4511
8003,9420
8005,2083
8006,5750
8008,9517
8012,2437
8014,8255
8015,287
8019,8289
8020,6117
8021,3209
8021,7882
8026,5068
8026,6263
8026,6593
8028,8799
8029,8741
8033,2816
8034,3435
8034,4665
8036,8889
8036,9909
8037,2243
8039,6322
8040,4531
8041,3947
8042,614
8042,8131
8045,6588
8046,5525
8048,9650
8049,1899
8050,3444
8052,378
8052,437
8052,4304
8052,9759
8053,6775
8057,1195
8057,7815
8058,966
8058,5143
8059,4252
8061,1105
8061,2610
8061,5281
8061,7413
8062,1445
8062,1775
8063,6990
8064,9157
8069,1236
8070,3629
8072,1362
8072,1605
8077,7739
8083,4881
8085,4841
8087,6482
8090,1642
8095,4153
8096,7204
8098,7603
8100,727
8106,2147
8107,7093
8110,7369
8110,9498
8112,411
8112,8116
8113,9831
8114,1327
8116,2690
8116,8112
8117,9954
8118,2003
8119,2924
8119,5789
8119,7843
8121,1248
8123,159
8124,7464
8126,3625
8126,9839
8127,8956
8130,7013
8131,8042
8133,6856
8134,589
8136,309
8143,5124
8143,6156
8144,9426
8145,9173
8151,3334
8152,1127
8153,4770
8154,1168
8154,1858
8155,5697
8157,8793
8157,8847
8159,8657
8164,2485
8167,9923
8169,7506
8174,2654
8178,756
8183,3503
8186,832
8189,9086
8190,7757
8192,7730
8195,1873
8195,3365
8195,9401
8198,2295
8199,619
8200,55
8205,5572
8206,4093
8207,3970
8208,9365
8210,617
8211,7802
8216,4538
8216,6897
8218,1280
8222,7830
8226,1164
8226,2743
8234,7149
8235,1058
8241,8317
8244,4194
8244,7084
8245,8925
8245,9836
8246,9832
8249,1125
8249,4211
8249,9030
8255,1004
8255,8014
8257,2338
8258,4984
8259,3608
8260,4665
8263,433
8264,6066
8271,7467
8271,9873
8272,8324
8273,1058
8273,3719
8275,6765
8277,3218
8280,6162
8283,448
8283,7887
8289,8019
8292,6455
8292,9779
8296,4263
8297,8464
8298,2293
8298,7367
8298,8414
8304,6948
8305,5887
8308,132
8311,561
8314,3215
8314,5195
8315,3089
8315,3296
8317,8241
8318,1519
8318,3011
8319,5588
8322,1462
8322,2589
8323,7917
8323,9029
8324,8272
8325,6678
8326,8478
8327,3856
8328,5707
8329,4710
8329,9497
8332,4471
8332,9480
8334,3744
8336,2420
8337,9521
8339,5350
8345,5764
8347,6649
8347,6893
8349,1501
8350,145
8351,2858
8353,5219
8358,7527
8358,9080
8365,6433
8366,6636
8371,2954
8371,9532
8376,5718
8377,13
8377,6215
8378,1929
8378,9789
8381,9507
8382,4706
8382,9010
8383,5206
8384,6512
8388,5408
8388,7223
8389,3175
8391,2460
8394,5951
8394,8936
8395,5611
8396,4633
8398,8966
8399,5104
8403,7124
8404,4880
8406,6729
8408,583
8408,4851
8409,6253
8411,4862
8412,4810
8412,6843
8414,8298
8416,6725
8420,3197
8421,3273
8424,6148
8425,2005
8426,6024
8427,880
8429,8520
8431,3260
8432,4140
8432,4667
8434,6524
8435,9350
8435,9967
8436,6391
8436,6954
8438,4399
8439,2522
8440,6397
8443,4289
8448,7477
8448,8958
8449,3249
8449,7323
8450,8592
8454,1829
8454,7134
8455,2808
8456,2100
8457,1727
8457,6759
8459,9142
8461,1872
8461,3859
8461,5228
8461,6229
8463,235
8463,7510
8464,8297
8465,899
8465,3332
8468,4233
8469,5439
8469,7638
8469,7937
8471,5564
8474,1093
8474,3978
8474,5406
8477,9170
8478,8326
8479,3785
8479,5950
8481,8838
8482,3297
8483,4252
8484,3412
8485,8649
8485,9713
8486,2276
8487,6574
8489,5499
8490,1850
8493,7770
8496,7944
8500,1395
8500,3835
8500,4934
8504,7404
8505,376
8505,6948
8506,4174
8507,2647
8507,3466
8511,980
8511,9292
8512,222
8513,1704
8514,758
8515,1899
8516,9035
8520,8429
8524,6243
8525,4973
8527,4950
8527,8972
8529,2868
8529,5952
8531,2330
8531,8832
8532,9281
8537,5784
8537,7580
8538,4821
8540,4138
8540,4487
8541,2730
8543,3599
8544,5452
8546,189
8546,4260
8547,5257
8549,2000
8549,6554
8551,206
8552,7755
8553,762
8556,7726
8557,2739
8557,5903
8558,4112
8559,1800
8559,7152
8559,9484
8560,2995
8561,4975
8562,6201
8566,303
8569,4888
8572,4740
8576,940
8576,7637
8578,3917
8578,7748
8581,6203
8587,467
8590,7020
8591,7311
8592,8450
8597,8662
8598,1635
8601,2606
8602,2329
8603,7770
8608,3327
8609,7601
8609,9947
8612,3982
8613,5307
8614,67
8617,299
8617,6607
8618,5871
8619,7997
8621,5851
8624,2929
8629,1962
8631,2103
8635,2286
8635,8937
8636,854
8637,7821
8638,1171
8639,2562
8640,1527
8641,919
8641,7981
8648,8955
8649,4337
8649,8485
8653,7430
8654,5307
8657,8159
8657,9167
8660,47
8662,6044
8662,8597
8664,1934
8664,9358
8666,606
8667,3205
8670,6842
8672,3154
8675,6215
8676,1209
8679,2106
8680,3297
8681,904
8681,5516
8683,6189
8684,1860
8685,9268
8686,915
8690,2263
8691,7829
8692,7338
8695,864
8698,6455
8702,6246
8702,6738
8704,2908
8704,5813
8706,3499
8706,9872
8707,64
8707,6928
8717,6826
8721,2777
8722,68
8723,4866
8726,7268
8727,6006
8728,2147
8729,1024
8729,3006
8731,8852
8732,6637
8732,7159
8733,7591
8734,1670
8735,1891
8738,2122
8738,5067
8741,8029
8742,1107
8743,2975
8745,182
8745,6386
8746,3299
8747,136
8751,1453
8751,5638
8754,265
8754,5014
8758,353
8758,3582
8762,2268
8764,9637
8765,8998
8765,9718
8766,6346
8766,7343
8768,16
8769,6603
8771,4256
8773,4005
8773,9254
8774,6608
8775,1257
8777,9361
8780,1415
8780,9836
8781,1797
8781,7221
8782,3025
8783,4829
8785,5357
8786,6622
8787,584
8788,7619
8789,5308
8790,7933
8793,8157
8794,1676
8794,3679
8796,6394
8796,7589
8797,7673
8799,435
8799,8028
8800,4206
8802,9714
8806,6481
8807,6775
8808,3759
8811,5888
8812,9706
8815,352
8815,7578
8817,1987
8820,2747
8821,2355
8822,4766
8823,5808
8823,9761
8827,2969
8827,6489
8828,3832
8829,5906
8832,8531
8833,7418
8835,2814
8835,6282
8838,578
8838,1302
8838,8481
8839,1386
8842,82
8842,5461
8842,6074
8845,2486
8847,8157
8852,948
8852,8731
8853,9481
8854,4533
8856,1703
8865,989
8865,7947
8866,9355
8870,7171
8871,6413
8873,2131
8874,6095
8875,3080
8876,9135
8878,5387
8880,7397
8888,3443
8889,8036
8891,9578
8895,9349
8895,9391
8897,6795
8897,7525
8897,7777
8901,3090
8906,4027
8912,6417
8913,6348
8913,7148
8914,5722
8915,4127
8916,4862
8916,9366
8918,2782
8920,1913
8921,5492
8921,6678
8922,2500
8922,7120
8923,9201
8924,6932
8925,4457
8925,8245
8926,4683
8927,4213
8930,5304
8932,3534
8932,5221
8932,5723
8934,7871
8934,7877
8936,5026
8936,8394
8937,8635
8939,7762
8941,3855
8942,286
8942,5007
8942,6574
8942,7295
8943,4812
8950,895
8950,3524
8955,3401
8955,3932
8955,8648
8956,8127
8957,4975
8958,5981
8958,8448
8963,3194
8963,9363
8964,241
8964,5307
8966,8398
8967,395
8967,3206
8968,3510
8968,6066
8969,291
8970,4036
8970,4341
8972,8527
8973,5450
8976,3566
8977,5995
8979,1597
8979,4971
8982,5046
8986,6651
8987,9640
8995,3375
8995,5496
8995,9098
8996,4826
8996,7605
8997,2114
8998,7620
8998,8765
8999,2084
8999,2681
8999,9625
9000,5485
9006,122
9008,4843
9010,8382
9011,3415
9011,6256
9011,7584
9013,1791
9013,7481
9016,4353
9017,6684
9018,7673
9020,2580
9020,7088
9021,10
9022,6464
9022,6598
9023,3214
9023,9710
9027,3490
9028,2702
9028,6474
9029,8323
9030,4210
9030,8249
9035,1219
9035,6838
9035,8516
9037,4778
9038,6772
9039,6708
9040,1858
9042,3885
9044,5986
9044,6972
9046,2637
9047,1580
9051,3857
9051,4088
9052,7351
9052,9142
9053,6603
9055,1363
9055,9263
9056,3307
9061,1467
9063,3138
9066,2208
9066,5172
9066,6092
9068,6750
9069,429
9069,1429
9070,6758
9072,5224
9073,944
9074,5738
9076,6333
9077,6250
9078,7909
9079,1329
9080,2049
9080,5668
9080,8358
9082,1681
9082,4436
9084,551
9085,777
9086,2387
9086,4688
9086,8189
9087,5649
9087,6636
9088,4139
9091,4957
9092,5431
9093,3638
9094,1628
9096,5890
9096,6644
9096,6822
9096,9147
9097,2611
9097,5457
9098,8995
9099,2424
9099,7615
9100,5448
9102,5738
9103,1864
9109,6952
9112,3510
9117,3679
9121,1375
9122,82
9122,892
9122,7648
9123,4911
9124,6290
9124,7961
9130,7192
9133,9500
9135,3974
9135,8876
9142,4887
9142,6052
9142,8459
9142,9052
9145,7464
9146,3831
9147,5784
9147,9096
9154,6844
9157,8064
9160,4688
9161,6206
9163,3699
9165,482
9167,8657
9170,3755
9170,8477
9172,7669
9173,4693
9173,8145
9177,3606
9177,9304
9179,4309
9179,7246
9179,7627
9180,854
9183,2058
9185,5659
9186,3643
9186,9445
9187,3069
9191,9971
9192,6627
9197,79
9198,683
9198,3771
9199,1789
9200,4404
9200,7978
9201,8923
9201,9263
9203,586
9204,4788
9207,6840
9209,2064
9210,6486
9211,2985
9214,6026
9214,7710
9215,648
9217,397
9220,4077
9229,3911
9233,2457
9238,2177
9241,5026
9241,6018
9242,5410
9244,1565
9244,9374
9246,484
9246,2666
9248,2083
9248,6279
9249,652
9252,2881
9254,5195
9254,5517
9254,7283
9254,8773
9257,9496
9258,3957
9263,9055
9263,9201
9267,6871
9268,2297
9268,8685
9271,291
9272,4610
9274,5656
9274,7486
9274,7870
9281,8532
9282,3734
9283,2398
9284,3848
9287,1604
9287,5384
9288,1093
9291,430
9292,8511
9294,1526
9297,4492
9299,5554
9301,9979
9302,4297
9304,9177
9308,1679
9308,2580
9309,2729
9309,3241
9311,1456
9312,3080
9315,1088
9315,1418
9315,4022
9315,5110
9317,7280
9321,2723
9322,2024
9325,4151
9329,9599
9331,4253
9333,3300
9333,9633
9334,5847
9335,9527
9337,6235
9338,7985
9341,2012
9342,3987
9343,5625
9344,765
9347,7546
9348,2146
9349,8895
9350,4496
9350,8435
9351,345
9352,7806
9353,1412
9353,2578
9354,197
9355,8866
9358,8664
9361,8777
9363,6308
9363,8963
9364,451
9364,1687
9365,14
9365,6610
9365,8208
9366,8916
9369,835
9370,6808
9372,3942
9372,4592
9374,626
9374,9244
9376,1550
9376,4525
9379,5416
9385,2403
9390,2370
9390,3468
9390,4201
9390,5504
9391,6101
9391,8895
9396,3610
9397,2592
9398,3801
9401,8195
9404,1885
9406,3838
9407,4403
9409,5506
9413,9496
9417,5260
9420,580
9420,5437
9420,8003
9421,2749
9425,3257
9426,8144
9427,6470
9428,5403
9431,3351
9433,2828
9434,2434
9440,347
9441,6993
9444,5949
9445,9186
9446,6209
9451,847
9454,282
9456,388
9456,7159
9458,3651
9459,5401
9459,5549
9464,6486
9465,3563
9467,3985
9470,1911
9474,12
9476,3382
9477,2784
9477,5614
9479,7606
9479,9860
9480,8332
9481,8853
9484,8559
9487,4588
9487,7769
9488,685
9491,833
9491,986
9492,7898
9493,6609
9495,6280
9496,9257
9496,9413
9497,2386
9497,8329
9498,8110
9500,9133
9501,6399
9506,7218
9507,7461
9507,8381
9511,7128
9515,1942
9516,6334
9517,8008
9518,7820
9519,2114
9519,2452
9521,8337
9524,2338
9524,6814
9527,9335
9528,2575
9531,1
9531,6246
9532,6137
9532,8371
9536,7083
9536,7591
9538,3057
9541,2787
9542,5719
9546,6309
9547,6822
9549,4505
9549,6359
9550,7651
9551,2065
9552,2257
9552,2448
9555,6100
9557,1734
9557,5061
9558,60
9558,284
9559,5371
9561,1217
9561,6143
9562,3166
9569,6209
9570,1843
9572,3620
9578,8891
9579,4468
9580,6168
9581,3631
9584,1150
9584,1528
9586,4145
9587,7113
9588,2785
9589,7718
9590,197
9590,4102
9592,5778
9594,2452
9596,3841
9597,868
9599,2523
9599,9329
9600,7137
9603,9752
9607,2187
9608,7357
9610,1074
9610,1419
9611,7560
9612,1625
9612,5230
9613,7500
9615,256
9617,2357
9617,9896
9619,2738
9622,7460
9624,6759
9625,8999
9629,6203
9630,4856
9633,7604
9633,9333
9634,3190
9637,8764
9639,3108
9640,8987
9644,486
9644,7631
9646,1610
9650,8048
9656,50
9659,3391
9660,7275
9663,1288
9665,4422
9668,7553
9669,1494
9672,2851
9673,3839
9680,7015
9683,2980
9685,3893
9686,657
9687,916
9687,3711
9687,5425
9689,6169
9692,2853
9695,3544
9695,4812
9700,6425
9703,4724
9706,8812
9708,4409
9710,9023
9711,6273
9712,7539
9713,3948
9713,8485
9714,8802
9715,668
9718,8765
9719,4874
9720,2412
9721,5407
9725,1409
9727,4079
9728,4624
9732,7023
9734,9791
9737,6218
9737,7256
9738,3366
9739,5213
9740,5588
9741,6196
9745,4127
9750,2647
9752,8
9752,4197
9752,9603
9753,215
9753,7321
9759,5040
9759,8052
9761,194
9761,8823
9770,3611
9774,6547
9774,9887
9775,5386
9776,2892
9776,6097
9777,1572
9779,8292
9780,4879
9784,5497
9788,1246
9789,171
9789,8378
9790,371
9790,1252
9790,3977
9790,5942
9791,4905
9791,9734
9793,3719
9793,7150
9793,7184
9795,4486
9797,7476
9800,6160
9802,3256
9802,6672
9803,2727
9808,254
9812,1821
9812,5715
9814,2037
9816,4373
9819,4453
9820,4853
9821,4927
9822,5125
9822,6304
9823,7130
9824,3762
9824,4736
9825,3583
9827,2563
9828,525
9828,5422
9828,5480
9828,6320
9830,7055
9830,7471
9831,8113
9832,8246
9835,7862
9836,8245
9836,8780
9838,2579
9838,6344
9839,8126
9841,3612
9844,3914
9851,3932
9851,5420
9856,1293
9856,3848
9857,5457
9860,6772
9860,9479
9863,491
9863,2709
9863,7842
9864,5474
9864,6376
9865,4308
9869,6648
9872,8706
9873,8271
9874,1426
9874,1942
9876,6072
9877,3448
9878,6476
9882,4413
9883,7578
9887,9774
9888,190
9888,4140
9896,9617
9898,3109
9900,276
9905,4473
9909,8036
9917,6168
9919,444
9919,7206
9920,3537
9923,8167
9927,3798
9928,1259
9931,4164
9934,5526
9935,7671
9938,4474
9938,7271
9939,7577
9940,2121
9941,2987
9944,6279
9945,5890
9946,7304
9947,7904
9947,8609
9953,1696
9954,310
9954,8117
9955,909
9958,7633
9959,2043
9959,6054
9959,6377
9963,8
9963,393
9964,3017
9967,2468
9967,8435
9968,31
9968,2502
9968,2735
9971,9191
9972,3526
9975,317
9975,4630
9976,2633
9978,1259
9979,5892
9979,9301
9980,6012
9980,7918
9981,1885
9981,5176
9983,1762
9984,883
9990,1471
9992,5879
9993,3281
9997,62
9999,4271
