10000,9102
0,5252
4,5897
7,4942
7,8891
11,8589
12,9788
14,757
15,5438
16,4223
18,535
18,6819
20,5506
21,8134
21,9103
22,7618
24,7271
28,2584
28,4140
29,3137
29,4254
29,5314
30,51
30,1529
31,9400
32,9927
35,4092
38,3747
38,5189
38,7877
39,1419
39,3186
39,7983
40,6010
42,1935
44,7453
45,4618
45,9239
48,8267
49,2199
50,323
50,899
51,30
51,5409
51,7054
51,8676
52,1489
52,1559
53,889
54,974
54,7062
55,3074
55,8857
57,1855
57,9029
59,2695
59,5321
60,763
62,8404
63,846
66,4081
67,504
69,2794
70,1520
70,4449
70,5570
71,2859
71,5548
73,799
73,6000
74,1022
75,9795
76,3217
76,7509
77,4131
82,9089
85,1312
87,2441
89,614
91,1553
91,6515
93,1873
94,1931
94,4272
94,5099
95,9512
96,3996
98,2741
99,2736
100,4735
101,1066
103,2614
103,7813
103,8794
103,9673
105,2001
105,4768
106,1688
106,9283
107,1222
107,2187
108,3598
110,4340
111,9041
112,2803
112,8506
112,9869
113,2824
113,6374
115,4587
118,508
118,3459
119,4629
119,6892
122,1796
123,7339
123,9572
125,2608
126,3620
126,8402
127,9277
129,4744
130,6600
131,4648
133,1176
133,2835
133,4932
134,2640
134,6527
134,8697
138,5929
138,8529
139,8687
140,2549
141,4602
141,5824
144,4553
144,6017
149,1448
151,7281
152,8350
153,4445
153,5209
154,2876
155,9660
156,485
156,7170
158,3039
159,1421
160,2915
162,1281
162,1617
164,3241
166,6952
166,9503
167,1084
167,8185
167,9701
170,4511
170,7046
171,2594
171,5090
174,9761
175,2583
175,4456
176,8140
178,6426
179,1715
180,5964
182,7168
185,8959
186,3122
186,5580
189,2999
191,3582
192,4259
193,1691
194,2431
194,5579
194,8729
196,9885
199,9966
204,520
205,2561
205,5944
206,1267
206,7456
208,8440
210,7022
210,9244
211,4831
212,7352
213,2737
213,8578
214,3976
214,5767
214,5910
215,9819
216,3084
216,7743
217,599
217,6654
219,4630
220,6861
220,7368
224,4341
225,2972
231,2110
232,6634
233,6353
234,863
234,8217
234,8333
235,660
235,2919
236,1498
236,5091
240,6951
240,7566
241,915
241,7806
247,1563
247,8837
248,2722
249,7237
251,1779
251,4278
251,9222
251,9335
252,4060
252,6276
252,7718
253,7616
259,6939
259,8498
259,9779
260,8385
260,8870
264,7872
266,873
266,5227
266,9329
267,1560
267,8898
268,8761
272,7238
273,2606
273,9050
273,9618
275,9908
278,3335
278,5574
278,8237
279,2745
279,2882
280,1323
280,7002
281,2683
282,4430
282,6369
282,7990
285,993
286,1008
286,4276
288,4226
289,3559
291,6500
293,4297
296,2276
297,5319
298,3497
298,4366
299,1093
300,9828
301,5859
301,6019
304,2674
310,1272
311,1820
313,532
316,6161
317,5455
318,912
318,8284
319,1394
319,9770
321,7010
322,1963
322,4777
322,6332
322,6492
322,9642
323,50
323,9012
324,1509
327,8292
330,6886
330,9831
332,687
333,4620
335,1151
336,5204
337,3085
337,9236
339,7239
341,5408
342,418
342,2842
342,8618
343,3696
343,5150
344,6461
345,1078
345,6507
348,6432
350,6224
350,9098
352,8410
353,7585
354,8573
358,591
358,4762
358,5777
360,9015
362,4338
362,5842
363,7068
364,7121
365,2883
365,8880
366,1810
366,4006
366,6445
367,7414
369,7296
369,9015
369,9632
371,497
371,860
371,1264
371,4177
372,1703
372,8531
373,9924
374,9866
375,4755
375,9147
376,6466
378,2764
378,7426
379,2971
380,6147
381,2719
383,875
384,7444
386,1998
387,6512
388,2686
389,2361
389,8336
393,2805
396,7324
397,4861
399,2817
400,5170
400,7050
400,7522
402,9225
405,7992
406,7348
406,9108
406,9904
406,9927
407,2973
408,3959
409,5178
409,7244
410,768
411,5162
413,3928
413,6882
414,4342
415,7931
418,342
419,6220
420,783
422,7503
425,9897
426,5920
428,5115
429,6405
431,5164
432,3442
432,6337
434,5931
435,8640
443,5043
444,2383
445,7972
450,2380
451,7178
452,2738
456,4116
457,1988
457,5903
457,9160
458,4290
458,6595
458,8245
458,9027
459,2570
460,1700
462,3220
464,6615
465,4953
467,4158
467,7655
467,7672
469,1843
471,883
472,6102
475,1845
475,4202
475,5117
475,7852
475,8746
476,1037
476,5150
477,6979
479,968
480,3569
481,1154
482,5266
484,3051
484,5151
485,156
485,6009
485,8101
487,9036
488,5317
489,1823
490,8198
491,3518
491,4363
493,7900
493,8252
494,6515
496,7842
497,371
497,9622
498,5205
503,3387
503,3829
504,67
504,1775
504,5960
507,1304
508,118
511,5890
512,2706
514,5495
515,6403
515,7565
516,6527
520,204
521,1174
521,8987
522,3237
523,1963
523,8955
525,916
525,6621
527,5309
527,9064
529,7785
531,5241
532,313
533,1663
533,4915
533,9396
535,18
538,2991
538,3710
539,1260
540,4439
541,2366
541,3731
541,4709
541,7950
543,694
543,9591
544,9614
546,1127
547,6571
550,996
550,3391
551,4386
554,3590
554,6592
555,571
557,8884
557,9301
558,1939
559,6695
559,9582
560,983
562,5075
562,7408
564,6756
565,4235
565,8470
568,1293
568,6913
570,914
570,1457
571,555
571,1449
573,6152
573,9967
574,6885
574,7088
575,3519
576,2663
576,5040
577,787
577,6555
581,9196
583,4773
583,9235
584,1914
585,4830
585,6783
587,5803
587,8134
589,9604
590,6896
591,358
592,5787
593,1328
593,4118
594,2604
599,217
600,3367
600,6906
601,2194
602,6148
603,4169
603,4525
604,1915
604,2461
607,1303
607,3353
608,8131
608,9994
609,4595
610,1714
614,89
614,1694
614,9407
618,969
618,2020
619,8895
619,9218
623,8378
624,4972
625,2770
625,9481
625,9503
626,8610
626,9765
627,1078
627,9591
629,5870
632,7474
634,3791
636,9295
637,2456
637,8756
638,1580
639,2066
641,4112
642,3349
643,1414
643,2193
643,5974
644,4822
644,7979
646,6919
647,1462
649,9302
651,1444
651,9515
653,7601
653,8007
655,4384
656,7333
658,6613
658,7348
659,3116
659,6235
660,235
660,1750
660,7407
661,4742
662,4706
662,9166
669,3141
669,5264
673,8295
676,4674
677,2569
677,9611
678,2520
678,4818
678,5719
679,3578
679,5026
681,8973
684,5439
684,7784
685,1985
686,7342
687,332
687,1169
687,3910
688,9797
689,9179
689,9238
690,6140
690,9712
693,6071
694,543
694,912
694,8746
695,1883
698,1878
698,5065
698,5701
699,3510
699,3784
703,6326
704,9054
705,4235
707,7505
711,799
711,1934
712,3477
713,4888
715,8427
716,2194
717,4197
719,1295
720,5466
720,8647
722,9798
723,2040
723,3438
723,8518
724,904
725,3335
726,4529
729,771
729,1743
730,4125
731,1956
731,6731
731,7008
732,7990
733,6710
733,6916
733,6976
734,9625
735,2009
736,9064
739,3883
739,4227
740,4935
741,5535
741,7712
742,2216
744,1540
745,1041
745,5848
746,5103
747,4941
748,9610
750,9859
751,1114
753,3363
753,7483
754,2572
754,4586
755,9610
756,5989
757,14
758,8711
759,7962
761,1022
761,8174
761,9661
763,60
763,6646
764,5475
768,410
768,7862
769,4517
770,5860
770,8915
771,729
771,6522
772,2759
774,5496
775,5676
776,3763
778,4223
781,4968
782,9719
783,420
784,7876
785,4691
786,4652
786,4808
786,7023
787,577
787,8349
788,1880
788,8470
788,9241
789,3703
789,9258
790,3160
791,8717
791,9898
793,5193
794,3403
796,952
797,8284
798,4227
799,73
799,711
799,4692
800,4428
801,8594
804,2619
805,8292
807,2814
812,6456
814,1543
815,8560
815,8784
816,1197
816,6467
816,7905
817,6964
818,6520
820,1715
820,7897
822,9228
822,9906
823,4191
824,1473
824,2718
824,6119
824,9325
826,7728
827,6387
829,1209
829,6662
831,4885
831,7149
833,2071
836,1682
838,3359
839,9752
840,1230
842,6225
843,7940
845,9172
846,63
846,3368
846,7264
847,8443
849,3953
851,2922
854,5394
855,6042
857,6761
857,7840
858,9353
860,371
863,234
866,2966
866,3045
866,4782
866,8144
867,3440
867,5442
868,2809
871,8314
872,9774
873,266
873,8703
874,3062
874,4546
874,7157
875,383
875,7462
878,8936
880,3732
880,5807
881,4598
882,7579
883,471
883,6757
883,9315
885,3981
885,8708
886,6242
887,2578
888,3518
888,6612
889,53
891,1743
892,1335
892,1632
892,2038
892,5011
892,7486
895,6043
895,6232
898,1048
899,50
899,9559
900,1023
900,1420
901,2064
902,1150
904,724
904,2040
904,6908
907,8832
909,7248
909,9601
912,318
912,694
914,570
914,9546
915,241
915,1743
915,7856
916,525
916,7333
918,8734
919,5448
920,9068
921,3116
923,2747
925,3974
926,4805
927,9707
929,5550
932,2310
932,3807
932,7415
934,5810
934,7634
934,7914
934,9975
935,2739
935,8986
936,2502
936,8172
936,9686
937,1638
938,1181
939,4985
939,6126
940,4744
941,987
943,4796
944,5645
945,2201
945,6488
947,4772
950,5575
951,3171
951,8728
952,796
954,8892
954,9792
956,6979
957,4890
963,2358
963,6064
963,7783
966,4452
966,4635
968,479
969,618
969,5116
974,54
974,7046
975,7244
977,2325
977,4814
977,5366
977,8401
978,2306
978,7835
979,3937
981,8999
982,5654
982,7392
982,7775
983,560
983,2632
983,3268
983,7317
984,3714
985,9789
986,1781
987,941
988,2013
993,285
994,5903
996,550
996,1777
996,3031
996,5034
1000,2422
1000,3037
1000,7977
1007,4596
1007,6037
1008,286
1011,2460
1013,9059
1020,2164
1021,6955
1022,74
1022,761
1023,900
1024,9150
1027,4681
1028,5898
1029,3923
1032,2373
1033,6651
1034,3646
1035,9701
1037,476
1037,3311
1038,5286
1038,7177
1038,7294
1039,4971
1041,745
1042,8925
1044,3145
1044,7459
1045,2350
1046,7232
1047,7076
1047,9004
1048,898
1049,5033
1052,9493
1053,1235
1053,5391
1055,4123
1056,3913
1056,4067
1061,2635
1061,3048
1065,9416
1066,101
1069,3225
1069,5230
1069,8103
1071,9144
1072,6572
1076,2602
1076,5792
1077,3605
1078,345
1078,627
1078,2506
1078,3763
1082,3184
1084,167
1087,5698
1091,4724
1093,299
1093,7173
1094,9889
1095,1949
1095,7977
1096,1458
1097,6742
1097,7187
1098,9496
1101,5560
1101,6084
1102,2145
1103,3845
1104,8094
1106,2018
1108,7417
1109,8867
1110,5163
1110,5811
1111,7183
1112,7551
1114,751
1114,3787
1114,3846
1117,2424
1117,4299
1118,7616
1120,4736
1121,6217
1122,3914
1122,6105
1124,6785
1125,6686
1127,546
1127,2293
1128,7787
1129,5641
1131,9894
1133,7788
1135,5158
1135,9203
1136,2213
1136,2228
1139,7549
1141,3858
1141,4338
1145,3585
1145,6762
1145,7382
1146,5966
1146,9010
1150,902
1151,335
1151,7463
1152,7761
1153,5404
1154,481
1154,5807
1155,2886
1155,4841
1158,7356
1159,8597
1160,2698
1161,9928
1162,2077
1162,8723
1164,5902
1164,6476
1164,9093
1165,1594
1166,6341
1167,3954
1169,687
1169,4562
1172,7689
1172,9825
1174,521
1174,2478
1176,133
1176,1268
1176,1946
1179,7332
1181,938
1181,9341
1181,9480
1182,5099
1184,1225
1184,1278
1185,9552
1186,5035
1189,6040
1190,3864
1191,2300
1192,9836
1195,4361
1196,7722
1197,816
1199,5650
1200,4308
1200,4922
1200,5785
1203,9455
1204,8656
1205,8545
1208,2238
1209,829
1210,2984
1210,3020
1212,1809
1213,9689
1214,2099
1216,5578
1216,5594
1219,3099
1219,3302
1220,4583
1222,107
1222,2110
1224,7070
1225,1184
1227,4437
1227,9431
1228,2994
1230,840
1231,5640
1231,5882
1231,6560
1231,8272
1233,2356
1233,4424
1234,6263
1235,1053
1235,6590
1235,6699
1236,1260
1237,4710
1238,8374
1239,2547
1240,9458
1241,1912
1241,5545
1241,6340
1241,8568
1243,6966
1245,7481
1247,5194
1249,2218
1249,4501
1249,6343
1250,5042
1251,2036
1251,6723
1253,3509
1255,6193
1256,5583
1259,2460
1260,539
1260,1236
1261,3420
1261,9320
1262,1600
1262,8069
1263,4151
1263,4808
1264,371
1265,6525
1265,9395
1266,5377
1267,206
1268,1176
1268,7836
1271,6726
1272,310
1272,1897
1273,8208
1274,2935
1275,8361
1277,5091
1278,1184
1278,9427
1281,162
1281,3834
1281,9619
1282,2250
1282,2976
1284,4112
1284,7802
1285,3655
1285,6702
1287,1607
1287,4496
1288,1699
1288,8043
1289,9433
1290,6798
1293,568
1295,719
1296,9985
1297,8570
1298,9853
1299,9692
1300,9449
1301,5739
1302,6730
1303,607
1304,507
1304,7243
1306,3899
1311,6095
1312,85
1312,7735
1316,5612
1316,7011
1319,6763
1323,280
1324,6507
1324,9895
1327,3550
1327,6843
1328,593
1328,2281
1328,8023
1328,9941
1330,8860
1331,5813
1332,3583
1332,5318
1333,6046
1335,892
1336,7130
1336,8438
1337,4831
1337,5347
1342,2120
1343,2837
1345,4100
1345,9667
1347,7859
1349,3303
1349,6424
1352,1587
1352,3994
1352,9169
1353,6517
1357,9950
1359,3934
1359,4073
1359,5820
1361,4159
1362,5693
1362,8247
1363,8551
1371,7867
1372,5168
1374,4443
1375,6061
1375,6325
1377,3419
1379,9960
1380,2819
1380,8538
1381,5030
1382,2222
1383,1472
1385,9712
1386,1678
1386,4114
1386,5518
1387,2362
1388,7338
1391,1951
1392,3918
1392,7544
1393,3881
1393,4707
1393,7399
1394,319
1394,5231
1396,2366
1396,4233
1400,4699
1401,2556
1402,5320
1402,8701
1402,9276
1403,7745
1406,5190
1407,2848
1408,3504
1408,5809
1409,2676
1409,4757
1410,5982
1410,9870
1414,643
1415,2843
1415,6555
1416,1778
1417,5106
1418,6228
1419,39
1419,2942
1419,3349
1420,900
1420,3743
1420,6928
1421,159
1421,9602
1425,4104
1431,4475
1431,5181
1433,6882
1433,7394
1434,7051
1435,4212
1440,7411
1443,7586
1443,7895
1444,651
1444,9060
1445,3601
1445,4971
1446,3283
1446,4286
1448,149
1448,7779
1448,8160
1448,8988
1449,571
1453,3543
1453,5088
1455,5829
1456,3925
1457,570
1457,4544
1458,1096
1459,5233
1461,9745
1462,647
1465,7975
1466,2501
1469,2134
1470,7565
1471,4483
1472,1383
1473,824
1473,5598
1474,2410
1475,2830
1476,8804
1477,4933
1478,4112
1479,8670
1480,2448
1482,6384
1483,5174
1487,8929
1489,52
1489,1917
1491,3329
1492,9719
1494,8979
1496,5931
1497,2393
1498,236
1498,5576
1501,6064
1503,5334
1504,8581
1505,9200
1508,7753
1509,324
1509,8816
1510,3720
1512,7331
1513,2185
1518,7340
1519,2665
1519,3748
1519,3878
1520,70
1520,1768
1521,4997
1522,1742
1523,2876
1524,2149
1526,7291
1526,9459
1527,3181
1529,30
1530,9823
1531,5627
1531,7886
1537,9228
1538,2751
1538,7069
1539,7191
1540,744
1540,3314
1543,814
1544,4132
1544,6357
1545,2597
1545,3373
1545,6072
1547,5143
1547,6458
1548,3078
1548,9911
1550,8380
1551,4576
1552,6107
1552,6322
1552,6867
1553,91
1555,3314
1555,4870
1556,1962
1556,2880
1557,3143
1557,7773
1558,2546
1559,52
1560,267
1560,6059
1562,4719
1562,6923
1563,247
1568,5926
1569,3054
1569,3208
1570,2637
1570,4140
1571,8679
1573,6800
1576,8272
1577,8260
1578,5800
1580,638
1581,2881
1581,5222
1581,9195
1582,6246
1584,1734
1585,3377
1585,7945
1586,5311
1586,6499
1587,1352
1588,5056
1588,6729
1591,2139
1591,4471
1592,8711
1594,1165
1594,6713
1594,8282
1594,9500
1597,3016
1597,3403
1597,5927
1598,9898
1600,1262
1600,2037
1600,7564
1601,4571
1601,8371
1602,5990
1604,8555
1607,1287
1607,6903
1609,4250
1611,9461
1613,5269
1614,7221
1617,162
1619,6657
1619,8487
1620,4919
1621,8816
1622,3109
1623,9191
1626,4087
1626,5629
1627,8242
1630,2908
1630,8587
1631,2453
1631,4277
1632,892
1632,8289
1632,9822
1633,9824
1635,9019
1637,1953
1637,5557
1638,937
1638,5565
1638,8516
1644,9577
1647,7235
1648,4941
1648,6388
1648,9568
1649,5625
1652,6384
1653,3197
1659,3173
1660,2610
1663,533
1663,5152
1663,7118
1667,9056
1669,7515
1672,5093
1673,7185
1675,4762
1675,6906
1676,5425
1677,5023
1678,1386
1678,4128
1678,8205
1679,8419
1680,8165
1681,2412
1682,836
1682,3584
1683,3918
1683,4072
1685,5656
1688,106
1688,7117
1688,9558
1688,9882
1689,3130
1689,9304
1690,5673
1690,7727
1691,193
1691,4064
1691,5343
1694,614
1694,8863
1696,2728
1697,3426
1697,4508
1697,9206
1698,4398
1699,1288
1700,460
1700,1900
1702,8942
1703,372
1707,3282
1708,7447
1710,8587
1711,3961
1713,9841
1714,610
1715,179
1715,820
1716,2073
1716,9722
1716,9754
1717,5567
1719,3281
1719,8042
1720,2724
1722,4352
1723,8591
1726,7685
1726,9745
1728,3844
1728,3916
1729,5296
1729,5396
1730,2423
1731,5543
1731,9213
1732,9884
1733,1965
1734,1584
1735,3903
1736,3160
1737,4964
1737,7624
1739,8858
1741,7483
1741,8317
1741,9617
1742,1522
1743,729
1743,891
1743,915
1743,6716
1744,7368
1746,5727
1747,2558
1748,2365
1749,5233
1750,660
1750,2994
1751,9051
1753,7069
1754,7796
1754,8572
1756,2482
1756,4195
1756,7824
1758,2745
1760,4439
1760,7226
1763,6443
1763,7847
1765,5706
1766,4203
1768,1520
1768,1827
1769,6080
1769,7600
1769,7618
1774,7890
1774,8464
1774,9604
1775,504
1776,1953
1777,996
1778,1416
1778,2558
1778,3842
1778,3957
1778,6026
1778,6835
1778,7314
1779,251
1779,3156
1781,986
1785,4219
1793,9795
1794,9754
1795,2049
1796,122
1796,8459
1802,1888
1807,4361
1809,1212
1810,366
1810,6042
1810,6917
1810,7103
1810,9694
1811,6812
1812,5095
1813,3959
1814,4707
1815,7075
1815,7495
1816,6234
1819,6025
1820,311
1821,7927
1823,489
1824,8548
1826,3563
1826,6111
1826,7893
1827,1768
1828,5934
1829,2694
1829,5974
1829,7037
1832,3509
1832,6588
1833,2794
1833,8822
1834,4996
1834,5991
1836,7269
1837,6727
1840,3024
1840,3155
1840,7523
1841,2223
1842,3917
1842,6238
1843,469
1843,5726
1845,475
1846,9439
1848,5473
1848,9198
1850,3029
1851,7139
1852,3162
1854,3288
1855,57
1855,2381
1855,3815
1859,2936
1864,5266
1868,6727
1870,5325
1873,93
1874,7568
1874,9271
1875,7931
1875,9000
1876,7287
1878,698
1878,8995
1880,788
1882,2804
1882,9261
1882,9429
1882,9669
1883,695
1884,7757
1884,8480
1887,6084
1888,1802
1888,4801
1889,7560
1890,3906
1890,5846
1891,6624
1891,6817
1893,2596
1895,8371
1897,1272
1898,5197
1900,1700
1901,8961
1903,7975
1904,4334
1904,4516
1904,9646
1906,5804
1907,9134
1909,6266
1911,4415
1911,6885
1911,9301
1912,1241
1912,8356
1912,8514
1914,584
1914,3831
1915,604
1916,6457
1916,9449
1917,1489
1917,4845
1918,7389
1919,3522
1919,3931
1922,6992
1925,4821
1928,2066
1928,4610
1930,8723
1931,94
1934,711
1934,5698
1934,9799
1935,42
1935,5307
1937,4380
1937,5425
1937,6359
1938,6387
1938,8057
1939,558
1940,7402
1942,2783
1942,8385
1943,7876
1946,1176
1946,2532
1946,6148
1947,6426
1949,1095
1949,2962
1951,1391
1951,2801
1953,1637
1953,1776
1954,7434
1956,731
1957,4989
1958,2224
1958,7694
1960,5698
1961,5039
1962,1556
1963,322
1963,523
1964,2230
1965,1733
1965,7991
1967,5476
1969,7167
1970,4854
1970,7638
1971,4335
1973,6533
1973,7890
1974,5040
1977,6393
1980,5526
1980,8779
1982,5340
1984,3396
1985,685
1985,3086
1986,6238
1987,4782
1987,8576
1988,457
1990,3443
1992,8326
1995,4982
1996,2676
1997,6761
1998,386
1998,5507
2000,6206
2000,6933
2001,105
2001,2680
2007,4145
2007,4992
2007,8342
2008,2985
2008,4952
2009,735
2010,4347
2011,9503
2013,988
2013,3910
2013,5244
2015,5042
2016,7854
2017,3400
2017,7521
2018,1106
2019,9944
2020,618
2023,3388
2026,3292
2027,2083
2027,3046
2029,4995
2029,6259
2031,5195
2032,2954
2033,4799
2033,5676
2034,4150
2034,4763
2034,5523
2036,1251
2036,7719
2036,9084
2037,1600
2038,892
2038,6279
2039,3749
2040,723
2040,904
2042,2192
2042,9244
2045,6614
2046,7724
2048,9703
2049,1795
2049,5351
2051,4228
2051,4980
2051,9657
2054,3560
2056,2408
2058,9570
2058,9908
2060,9429
2062,9334
2062,9837
2064,901
2064,5379
2064,6481
2065,2830
2065,7901
2066,639
2066,1928
2066,2583
2067,2806
2069,8527
2069,9847
2070,5612
2071,833
2073,1716
2073,6680
2074,4254
2075,7648
2076,9397
2077,1162
2078,7802
2081,2245
2082,4779
2083,2027
2085,8801
2086,5434
2086,7672
2088,9396
2090,9634
2092,2513
2092,6872
2093,3722
2093,4780
2094,3937
2094,6922
2097,6944
2099,1214
2101,5852
2101,6103
2103,4057
2103,4864
2104,2540
2104,2796
2105,2872
2106,3526
2107,4771
2108,9755
2109,4062
2110,231
2110,1222
2111,3802
2111,4139
2111,6543
2112,3205
2113,2263
2113,8915
2114,9226
2116,6095
2117,3590
2118,3969
2118,9117
2120,1342
2120,2857
2121,6503
2123,6923
2123,8550
2129,2783
2129,7884
2130,7149
2130,7515
2130,7735
2130,9300
2132,4131
2133,4469
2134,1469
2136,2612
2136,6778
2138,7003
2139,1591
2139,9937
2140,9440
2141,4777
2143,6761
2144,8966
2145,1102
2145,3130
2148,7064
2149,1524
2149,5560
2150,2748
2150,3798
2153,4747
2155,9328
2156,8022
2159,2406
2159,6836
2161,6310
2162,6193
2163,6041
2164,1020
2164,9937
2165,7138
2165,7339
2165,8213
2166,6317
2167,3369
2169,6079
2170,6036
2170,6437
2171,5226
2172,6818
2178,7453
2179,6751
2179,7348
2182,9021
2185,1513
2185,2614
2186,6023
2186,8361
2187,107
2187,9364
2189,3524
2189,9623
2192,2042
2193,643
2194,601
2194,716
2195,4679
2195,9277
2199,49
2201,945
2201,8724
2203,7971
2205,3841
2205,9795
2207,3670
2208,9095
2209,3522
2213,1136
2213,2839
2216,742
2216,7073
2217,2271
2218,1249
2218,8608
2219,4338
2220,5193
2220,9358
2221,7662
2222,1382
2222,6099
2223,1841
2223,9557
2224,1958
2225,3494
2225,7681
2226,5208
2228,1136
2229,4378
2229,6401
2230,1964
2230,5518
2230,5587
2234,9800
2235,5275
2238,1208
2238,6465
2240,2694
2240,7206
2240,9243
2242,4223
2244,4937
2245,2081
2246,7627
2247,7276
2248,8507
2250,1282
2250,4809
2253,7822
2255,4401
2255,6403
2258,6813
2259,9695
2261,4552
2262,7800
2263,2113
2263,7194
2267,8799
2268,2539
2268,7261
2271,2217
2275,7370
2276,296
2278,6967
2280,7234
2281,1328
2284,9713
2285,7175
2286,3874
2286,5081
2287,3594
2288,5284
2288,6030
2289,6223
2291,8028
2291,8337
2293,1127
2294,7050
2295,5374
2296,3502
2296,6623
2300,1191
2301,6671
2304,8812
2305,3528
2306,978
2306,2390
2307,4312
2308,2845
2308,8335
2309,6436
2310,932
2311,4708
2311,5675
2311,6444
2314,3227
2315,5122
2317,4073
2319,6264
2320,3795
2321,6969
2321,7086
2322,5527
2325,977
2325,7277
2326,4250
2326,9639
2327,8197
2328,4621
2329,9836
2330,7581
2331,3140
2331,9847
2335,6926
2336,4389
2337,6273
2337,9672
2339,3185
2341,9943
2345,2389
2345,8033
2346,5688
2346,8461
2346,9891
2348,5027
2349,2970
2350,1045
2352,6614
2354,4722
2355,4786
2356,1233
2358,963
2358,4392
2359,5493
2360,4936
2361,389
2362,1387
2363,2907
2363,3618
2365,1748
2365,6766
2366,541
2366,1396
2366,5453
2369,2474
2371,5452
2373,1032
2376,6518
2378,2784
2380,450
2380,4472
2381,1855
2381,3236
2381,6506
2382,4855
2383,444
2383,9713
2385,7764
2386,9290
2389,2345
2390,2306
2391,3941
2393,1497
2393,5433
2397,3598
2399,2826
2399,5219
2401,4566
2401,8689
2401,9403
2406,2159
2406,2846
2406,7290
2406,9469
2407,6520
2407,8475
2408,2056
2408,7597
2410,1474
2410,6409
2412,1681
2412,2500
2412,3727
2412,4807
2413,3941
2413,4969
2413,7291
2415,9833
2419,3039
2421,4534
2422,1000
2422,6771
2423,1730
2423,5251
2423,7560
2424,1117
2426,3869
2428,5082
2429,2577
2430,7643
2431,194
2431,4855
2432,6184
2435,2975
2439,5210
2441,87
2442,3109
2443,2499
2443,7550
2444,8763
2444,8887
2448,1480
2449,4152
2451,7913
2452,4949
2453,1631
2453,2497
2453,3894
2455,7658
2455,8534
2456,637
2456,6908
2457,3229
2457,7589
2459,5549
2460,1011
2460,1259
2460,5872
2460,7043
2461,604
2465,5556
2466,7574
2469,5995
2469,8885
2470,6213
2471,9665
2473,4190
2474,2369
2474,9515
2475,6981
2477,3774
2478,1174
2482,1756
2482,5168
2482,8342
2482,8514
2483,3447
2486,6138
2487,3186
2487,6349
2488,2973
2492,2611
2492,8072
2494,3528
2497,2453
2499,2443
2500,2412
2501,1466
2501,6680
2501,8132
2502,936
2504,3304
2505,9699
2505,9720
2506,1078
2507,4046
2508,5181
2509,6001
2511,4889
2512,6704
2512,8947
2513,2092
2514,3513
2516,3474
2518,5483
2518,9431
2520,678
2520,3536
2522,5924
2524,8506
2525,8231
2527,4273
2531,4734
2532,1946
2532,8519
2533,4770
2533,6893
2534,8378
2535,4259
2535,5139
2536,3060
2536,4753
2536,5515
2536,7103
2537,4409
2539,2268
2539,4422
2539,8486
2540,2104
2541,4348
2542,7092
2542,8198
2542,9096
2545,7383
2546,1558
2547,1239
2549,140
2553,4869
2554,5966
2556,1401
2558,1747
2558,1778
2560,6207
2560,7200
2561,205
2561,8142
2562,2769
2562,5630
2569,677
2570,459
2570,7013
2571,8604
2572,754
2576,3051
2576,5451
2577,2429
2577,4560
2577,5746
2577,7223
2578,887
2578,4737
2581,4538
2581,7911
2582,7890
2582,8619
2583,175
2583,2066
2584,28
2584,3635
2584,9077
2586,8927
2588,2958
2588,3251
2588,6411
2588,7142
2591,5503
2592,5116
2593,5215
2594,171
2594,3497
2594,7058
2596,1893
2597,1545
2597,3051
2597,8637
2599,5466
2600,6543
2601,7149
2602,1076
2602,3043
2604,594
2604,5161
2604,9815
2605,5057
2606,273
2606,2867
2608,125
2610,1660
2610,8000
2611,2492
2611,3132
2611,9566
2612,2136
2612,8729
2614,103
2614,2185
2614,2742
2615,8505
2617,6185
2617,8670
2619,804
2619,9380
2622,8627
2626,9770
2627,3920
2627,9434
2628,2908
2629,6403
2629,9492
2632,983
2635,1061
2637,1570
2637,7230
2638,7615
2640,134
2642,5568
2642,9040
2647,4037
2647,5620
2647,9140
2650,2798
2650,8899
2651,5440
2655,8479
2656,9457
2659,7175
2661,6116
2662,9272
2663,576
2665,1519
2667,9171
2668,6387
2674,304
2674,4311
2676,1409
2676,1996
2677,8564
2678,6515
2679,3815
2679,6490
2680,2001
2680,6681
2681,6399
2682,5173
2682,7313
2683,281
2683,5007
2685,6252
2686,388
2687,8088
2687,8506
2688,8113
2688,9477
2689,8973
2692,3054
2692,5648
2693,5104
2694,1829
2694,2240
2694,5081
2694,7451
2695,59
2695,9745
2698,1160
2698,7101
2698,7819
2700,8505
2701,7745
2703,5187
2705,3093
2706,512
2706,4449
2707,5775
2709,3379
2711,7617
2712,4238
2712,5635
2713,6315
2714,9424
2716,5161
2716,6403
2717,4029
2717,7014
2717,7464
2717,9581
2718,824
2718,7066
2719,381
2720,7021
2720,9451
2722,248
2722,7638
2723,2873
2724,1720
2725,3486
2725,8127
2726,5391
2728,1696
2728,3192
2729,8745
2729,8987
2732,5537
2733,4929
2734,4881
2736,99
2736,6417
2737,213
2738,452
2738,8390
2739,935
2741,98
2741,5812
2742,2614
2745,279
2745,1758
2745,9828
2747,923
2748,2150
2749,7358
2751,1538
2751,4583
2753,4835
2753,9073
2754,5655
2756,3488
2756,8831
2759,772
2759,3212
2761,9005
2762,5211
2764,378
2765,9202
2766,7192
2766,7288
2768,8688
2769,2562
2770,625
2770,8367
2772,9109
2773,5433
2776,4601
2778,5596
2781,5985
2783,1942
2783,2129
2784,2378
2784,8772
2789,6586
2792,8086
2793,5043
2794,69
2794,1833
2796,2104
2796,8152
2797,7131
2798,2650
2798,9776
2801,1951
2801,5010
2802,6166
2803,112
2804,1882
2805,393
2805,4231
2806,2067
2808,7214
2809,868
2812,4529
2813,6179
2813,7711
2813,8105
2814,807
2816,9433
2817,399
2819,1380
2819,9380
2822,2866
2822,7567
2823,4433
2824,113
2824,6778
2825,3766
2825,4863
2826,2399
2826,3847
2826,9641
2827,9856
2828,4594
2830,1475
2830,2065
2830,3278
2831,7371
2832,5198
2832,5524
2833,4898
2834,7879
2835,133
2837,1343
2839,2213
2839,5367
2841,7760
2842,342
2843,1415
2844,4049
2845,2308
2846,2406
2848,1407
2848,6342
2848,6600
2848,9643
2853,9319
2855,3688
2857,2120
2857,4992
2857,6035
2859,71
2859,8504
2860,3648
2860,6026
2860,9962
2862,3838
2862,4482
2862,9500
2863,8883
2864,8217
2865,4075
2865,5436
2865,6801
2866,2822
2866,7269
2867,2606
2867,9790
2868,6103
2870,6937
2870,6950
2872,2105
2873,2723
2875,6565
2876,154
2876,1523
2877,9669
2878,3777
2879,3530
2880,1556
2880,5932
2881,1581
2882,279
2883,365
2886,1155
2886,4737
2892,9131
2893,3760
2893,6748
2894,8102
2897,7865
2902,4090
2902,6788
2903,4663
2904,4339
2907,2363
2908,1630
2908,2628
2908,3534
2908,8010
2908,9849
2910,7558
2911,5010
2913,3847
2915,160
2916,3299
2917,6269
2919,235
2919,5431
2919,8740
2920,6940
2921,5748
2921,7676
2921,9521
2922,851
2922,5164
2924,3021
2925,8548
2926,3169
2926,4001
2926,7325
2931,3729
2934,3642
2935,1274
2935,4272
2936,1859
2936,9104
2938,5608
2938,8531
2939,9004
2940,5674
2942,1419
2942,3370
2942,7773
2943,5243
2945,5705
2945,7747
2947,5248
2949,7030
2949,8985
2949,9701
2952,4332
2952,4561
2952,7621
2954,2032
2956,9957
2957,6796
2958,2588
2959,5949
2960,3520
2960,3911
2962,1949
2963,7793
2963,9444
2964,6525
2965,3716
2966,866
2970,2349
2970,9636
2971,379
2972,225
2973,407
2973,2488
2973,8125
2975,2435
2976,1282
2979,3821
2981,4666
2982,8292
2984,1210
2985,2008
2989,5027
2989,8933
2990,3304
2991,538
2992,7219
2993,8249
2994,1228
2994,1750
2994,6377
2995,8293
2996,3880
2997,5589
2999,189
3000,5170
3002,8600
3003,5601
3003,7603
3003,9868
3004,6584
3007,3038
3008,5592
3008,9771
3010,4950
3010,7687
3013,9732
3015,6697
3016,1597
3017,6536
3018,9757
3020,1210
3020,4860
3021,2924
3022,7037
3022,7601
3022,9627
3023,8476
3024,1840
3024,6449
3024,8037
3025,9964
3026,3321
3026,5005
3029,1850
3029,7238
3030,3063
3031,996
3031,3402
3033,4986
3035,8282
3036,5522
3037,1000
3037,6388
3037,6847
3038,3007
3038,5791
3038,8600
3038,8793
3039,158
3039,2419
3039,7214
3041,4358
3042,9409
3043,2602
3043,3906
3044,4088
3045,866
3045,7823
3046,2027
3046,3401
3047,3898
3048,1061
3048,7015
3049,4489
3051,484
3051,2576
3051,2597
3051,3264
3053,4057
3054,1569
3054,2692
3054,7530
3057,4831
3057,8159
3058,5900
3060,2536
3061,6523
3062,874
3062,7235
3063,3030
3064,3226
3064,4409
3065,8583
3066,4784
3066,5671
3068,3400
3068,7273
3069,7974
3070,7199
3071,9408
3074,55
3074,9196
3076,9087
3077,5786
3078,1548
3078,8234
3079,9285
3081,7983
3083,5276
3084,216
3084,3965
3085,337
3085,8136
3086,1985
3088,8949
3089,9759
3090,4077
3093,2705
3097,3645
3097,3684
3097,9682
3098,5563
3099,1219
3100,6294
3100,7015
3105,9088
3107,8285
3107,8494
3109,1622
3109,2442
3112,5066
3113,7461
3116,659
3116,921
3117,4166
3119,4498
3122,186
3122,3149
3123,4172
3125,6909
3126,7550
3129,8453
3130,1689
3130,2145
3132,2611
3133,5432
3133,7660
3134,7975
3137,29
3138,3510
3138,6965
3139,8833
3140,2331
3141,669
3142,3716
3143,1557
3145,1044
3145,4607
3147,6684
3147,6925
3147,9739
3148,9764
3149,3122
3150,6348
3154,6212
3155,1840
3156,1779
3157,4739
3160,790
3160,1736
3160,4809
3160,6326
3162,1852
3163,3871
3164,6168
3166,5787
3169,2926
3170,5687
3171,951
3173,1659
3175,9026
3176,8097
3177,8030
3178,5851
3179,3610
3181,1527
3182,9564
3183,5659
3184,1082
3185,2339
3185,9736
3186,39
3186,2487
3188,3874
3189,8829
3191,7807
3192,2728
3196,8042
3197,1653
3198,5265
3198,7261
3199,5945
3201,3590
3202,3222
3203,6505
3203,6700
3204,4833
3205,2112
3207,9034
3207,9204
3208,1569
3208,6616
3209,7415
3212,2759
3215,8026
3216,4359
3217,76
3218,3661
3218,5316
3220,462
3222,3202
3225,1069
3226,3064
3226,3952
3226,5177
3226,9607
3227,2314
3229,2457
3229,6012
3233,6126
3234,3631
3235,9920
3236,2381
3237,522
3238,5262
3240,7805
3241,164
3245,6550
3245,9068
3247,8272
3249,5269
3250,6023
3251,2588
3251,7937
3253,4507
3253,6806
3256,7251
3257,8152
3260,9255
3264,3051
3264,6368
3265,5659
3268,983
3271,6986
3272,6410
3273,7813
3274,6777
3275,3366
3277,8887
3278,2830
3279,5679
3280,9969
3281,1719
3281,4888
3282,1707
3282,8016
3283,1446
3283,9943
3288,1854
3288,6228
3290,9529
3292,2026
3292,9982
3293,8218
3293,8634
3294,5508
3294,7063
3295,9343
3296,9651
3297,5557
3298,4299
3299,2916
3299,7258
3301,9955
3302,1219
3303,1349
3304,2504
3304,2990
3304,3514
3304,6456
3305,4416
3309,4676
3310,6756
3311,1037
3314,1540
3314,1555
3314,7450
3317,5670
3319,7443
3320,9448
3321,3026
3322,6545
3322,7152
3324,4169
3324,6787
3325,6056
3329,1491
3329,5218
3331,7287
3332,7985
3332,9157
3333,8521
3335,278
3335,725
3335,3785
3336,8972
3337,3772
3340,4837
3340,8617
3341,4471
3343,8288
3346,7045
3347,5863
3347,8029
3348,6103
3348,7276
3349,642
3349,1419
3350,3476
3350,9409
3351,4441
3351,5454
3352,7448
3353,607
3353,9174
3354,5715
3357,5272
3358,8619
3359,838
3360,5032
3360,6985
3361,3678
3362,8273
3363,753
3363,7734
3364,4987
3364,8617
3366,3275
3366,5963
3366,8547
3367,600
3367,3659
3367,6137
3367,7673
3367,7786
3367,9741
3368,846
3368,9729
3369,2167
3370,2942
3371,5255
3372,5234
3372,5697
3373,1545
3373,7895
3375,5565
3377,1585
3377,9219
3379,2709
3382,9810
3383,8714
3384,3653
3384,4276
3385,6941
3386,8972
3386,9786
3387,503
3388,2023
3390,8879
3391,550
3396,1984
3396,3878
3398,5049
3398,9248
3399,5706
3400,2017
3400,3068
3400,6511
3401,3046
3402,3031
3403,794
3403,1597
3403,9603
3405,6822
3405,8040
3410,3914
3411,4985
3411,8969
3412,5372
3413,4992
3415,4042
3419,1377
3419,9311
3420,1261
3421,5801
3422,4289
3426,1697
3426,5612
3428,6734
3434,5014
3434,8297
3436,6495
3437,9428
3438,723
3440,867
3440,8394
3442,432
3443,1990
3447,2483
3450,5219
3450,8285
3454,5546
3454,9195
3455,9945
3458,8111
3459,118
3459,6028
3460,7284
3464,3926
3464,8858
3468,9771
3469,5108
3470,7487
3471,8374
3473,6983
3474,2516
3476,3350
3477,712
3478,7390
3481,6723
3485,5019
3486,2725
3487,7532
3487,9841
3488,2756
3489,6846
3489,7904
3492,8948
3493,3759
3494,2225
3497,298
3497,2594
3498,3705
3502,2296
3504,1408
3504,5267
3508,9131
3509,1253
3509,1832
3509,6422
3510,699
3510,3138
3510,5565
3512,5877
3513,2514
3513,5943
3513,7925
3514,3304
3515,8992
3516,7734
3517,7585
3518,491
3518,888
3519,575
3520,2960
3521,7248
3522,1919
3522,2209
3524,2189
3524,6008
3526,2106
3526,3915
3528,2305
3528,2494
3529,6064
3529,6430
3530,2879
3533,8798
3534,2908
3536,2520
3543,1453
3543,8021
3549,9533
3549,9960
3550,1327
3554,5604
3554,6466
3554,6740
3554,9542
3559,289
3560,2054
3561,7953
3562,9761
3563,1826
3565,7983
3566,5646
3566,9553
3567,7633
3568,3850
3568,9616
3569,480
3569,7896
3571,4462
3572,9858
3573,9552
3575,7076
3575,7664
3576,8326
3578,679
3578,9188
3580,3631
3582,191
3582,5550
3583,1332
3583,7826
3583,8588
3584,1682
3584,4722
3584,5198
3584,7560
3585,1145
3585,6339
3585,6997
3587,7918
3590,554
3590,2117
3590,3201
3590,9358
3591,4873
3591,8348
3592,6896
3593,7124
3594,2287
3594,4290
3598,108
3598,2397
3601,1445
3601,6317
3602,9347
3603,9235
3604,4985
3604,7180
3605,1077
3606,5203
3607,7361
3608,4728
3610,3179
3610,4202
3613,5001
3614,4475
3616,5283
3617,6325
3618,2363
3620,126
3621,5626
3627,5520
3627,7836
3631,3234
3631,3580
3635,2584
3636,8503
3636,9136
3637,8295
3637,9877
3638,4771
3638,5427
3638,7032
3638,9887
3641,7323
3641,7354
3642,2934
3643,8091
3645,3097
3646,1034
3648,2860
3648,5625
3648,8514
3651,5983
3653,3384
3655,1285
3655,4421
3658,9567
3658,9990
3659,3367
3661,3218
3661,9571
3662,5528
3662,9963
3663,4046
3665,5458
3665,8349
3668,7612
3670,2207
3670,9191
3673,3941
3673,4862
3673,5047
3678,3361
3683,4258
3683,5446
3684,3097
3684,9970
3688,2855
3689,7732
3691,5166
3691,7617
3692,6458
3692,9891
3693,9787
3694,9289
3696,343
3696,4269
3696,4805
3698,8467
3699,4282
3699,4303
3700,9023
3703,789
3705,3498
3706,9289
3707,6914
3708,5990
3710,538
3711,7899
3712,8124
3712,9905
3714,984
3714,5020
3715,9191
3716,2965
3716,3142
3720,1510
3722,2093
3723,4378
3723,5334
3724,7821
3727,2412
3729,2931
3731,541
3732,880
3736,7593
3737,5361
3743,1420
3743,7191
3743,9008
3743,9758
3744,7725
3747,38
3747,4757
3748,1519
3749,2039
3749,4471
3753,9665
3754,5527
3758,8113
3759,3493
3759,4293
3760,2893
3760,6496
3762,4491
3762,9780
3763,776
3763,1078
3763,4887
3766,2825
3766,5474
3770,6442
3771,4375
3772,3337
3773,7380
3774,2477
3774,6364
3774,7866
3777,2878
3777,5321
3777,8623
3778,5682
3781,6186
3784,699
3785,3335
3785,7533
3785,8246
3785,9892
3787,1114
3787,4736
3787,8111
3788,5891
3791,634
3794,4835
3795,2320
3795,5120
3795,5788
3798,2150
3800,6186
3801,8398
3802,2111
3802,9670
3803,6736
3805,5392
3805,7585
3806,8556
3806,9998
3807,932
3809,9764
3809,9873
3812,8048
3813,6555
3815,1855
3815,2679
3815,5617
3816,5500
3817,8868
3819,4999
3819,5167
3819,8418
3821,2979
3823,4120
3828,8266
3829,503
3831,1914
3832,7771
3834,1281
3834,6412
3834,7394
3836,8882
3837,5284
3837,8015
3838,2862
3839,8549
3841,2205
3842,1778
3842,3879
3844,1728
3844,4162
3845,1103
3845,6467
3846,1114
3847,2826
3847,2913
3848,5935
3850,3568
3852,8591
3853,6804
3855,6855
3856,4165
3857,9332
3858,1141
3864,1190
3869,2426
3869,5428
3871,3163
3874,2286
3874,3188
3878,1519
3878,3396
3879,3842
3879,5339
3879,6254
3880,2996
3881,1393
3883,739
3884,7003
3884,9692
3888,6487
3890,6402
3893,5834
3894,2453
3894,4081
3898,3047
3899,1306
3900,4304
3901,7096
3903,1735
3905,4345
3905,4587
3905,8670
3906,1890
3906,3043
3907,9864
3910,687
3910,2013
3911,2960
3913,1056
3914,1122
3914,3410
3915,3526
3915,6499
3916,1728
3916,8360
3917,1842
3918,1392
3918,1683
3919,5562
3920,2627
3922,4101
3923,1029
3925,1456
3926,3464
3928,413
3928,6863
3931,1919
3932,6605
3934,1359
3937,979
3937,2094
3938,6019
3938,7566
3940,5819
3941,2391
3941,2413
3941,3673
3942,6420
3942,6496
3943,8580
3944,8345
3945,7861
3946,4718
3948,6832
3952,3226
3952,5418
3952,8149
3953,849
3953,5183
3954,1167
3956,4915
3957,1778
3957,9786
3958,5397
3959,408
3959,1813
3961,1711
3962,5862
3962,6481
3963,6042
3963,6719
3965,3084
3965,7933
3967,5431
3969,2118
3970,4046
3971,9461
3973,5037
3974,925
3974,8289
3975,8711
3976,214
3977,5571
3978,4907
3981,885
3982,4817
3982,9324
3983,4439
3984,6524
3986,7847
3987,5446
3987,6542
3988,8942
3990,9895
3991,9155
3992,6640
3994,1352
3995,4708
3995,5913
3995,7763
3995,8346
3996,96
3996,4444
3996,5722
3997,8349
3997,9161
3998,7495
3999,9327
4000,7152
4001,2926
4003,4945
4004,6104
4004,9532
4005,8244
4006,366
4008,8075
4011,9118
4014,6253
4018,4213
4018,5495
4019,6065
4022,4918
4022,5219
4025,9704
4026,4996
4027,8736
4029,2717
4030,4965
4031,5503
4031,9595
4033,9681
4037,2647
4037,5741
4037,8194
4040,7463
4041,5806
4042,3415
4043,4830
4044,8006
4044,9409
4045,8014
4046,2507
4046,3663
4046,3970
4048,6373
4049,2844
4050,4482
4050,8884
4051,8586
4054,8098
4056,9026
4057,2103
4057,3053
4058,7812
4059,6544
4059,9597
4060,252
4061,9093
4062,2109
4063,9579
4064,1691
4064,9405
4066,8112
4067,1056
4067,8343
4068,8471
4069,7507
4070,6693
4070,6701
4070,8362
4071,8086
4072,1683
4073,1359
4073,2317
4074,9438
4075,2865
4077,3090
4078,6241
4079,7639
4080,6172
4081,66
4081,3894
4081,6367
4081,7049
4082,6244
4084,6701
4087,1626
4088,3044
4088,8408
4088,8757
4090,2902
4091,5720
4091,6583
4092,35
4099,8358
4099,8602
4100,1345
4101,3922
4101,5723
4102,4542
4104,1425
4104,4826
4112,641
4112,1284
4112,1478
4112,4367
4113,7742
4114,1386
4116,456
4116,4889
4117,9713
4118,593
4118,8384
4118,8926
4119,5542
4119,5927
4119,6346
4120,3823
4120,7235
4123,1055
4123,8190
4125,730
4125,5182
4128,1678
4128,8106
4129,7530
4130,6673
4131,77
4131,2132
4131,8348
4132,1544
4132,4568
4132,5773
4132,8611
4133,9385
4134,6728
4137,6017
4139,2111
4140,28
4140,1570
4140,6354
4141,7548
4145,2007
4145,7717
4148,5449
4149,5230
4150,2034
4150,4379
4150,8344
4151,1263
4152,2449
4154,4769
4155,4233
4157,4944
4158,467
4158,4698
4159,1361
4160,4904
4160,6430
4162,3844
4164,4187
4165,3856
4165,4975
4166,3117
4169,603
4169,3324
4169,8485
4171,5136
4172,3123
4173,8983
4175,7813
4176,9568
4177,371
4180,8774
4181,6644
4184,9051
4186,6510
4187,4164
4187,9308
4188,8534
4189,4437
4189,8488
4190,2473
4191,823
4192,5804
4193,4790
4195,1756
4197,717
4197,5387
4198,4685
4199,8280
4202,475
4202,3610
4203,1766
4204,6870
4204,8374
4205,8345
4205,8918
4210,6074
4212,1435
4212,5546
4212,7621
4213,4018
4213,8931
4217,7878
4219,1785
4220,6410
4220,8603
4223,16
4223,778
4223,2242
4224,5778
4225,7777
4226,288
4227,739
4227,798
4228,2051
4228,7477
4229,4888
4229,9335
4230,9651
4231,2805
4233,1396
4233,4155
4234,4493
4235,565
4235,705
4238,2712
4238,8803
4240,4935
4241,7776
4243,7303
4243,7955
4244,9842
4245,4831
4247,4876
4250,1609
4250,2326
4254,29
4254,2074
4258,3683
4259,192
4259,2535
4259,8839
4261,7726
4262,5622
4263,6691
4265,7629
4267,7783
4268,9673
4268,9828
4269,3696
4271,4753
4272,94
4272,2935
4272,9233
4272,9605
4273,2527
4276,286
4276,3384
4276,5464
4277,1631
4278,251
4280,4827
4280,5238
4281,9056
4282,3699
4282,8793
4283,4819
4283,6669
4284,4924
4286,1446
4289,3422
4289,7933
4290,458
4290,3594
4293,3759
4293,4910
4294,6400
4294,6499
4294,7296
4295,7087
4295,7355
4295,7922
4296,7944
4297,293
4297,5779
4297,8408
4299,1117
4299,3298
4299,5881
4303,3699
4304,3900
4306,7719
4308,1200
4309,6701
4309,6945
4311,2674
4312,2307
4323,4571
4325,6662
4328,5963
4329,8118
4330,9890
4331,4823
4331,9792
4332,2952
4334,1904
4334,4362
4335,1971
4335,6379
4336,7088
4337,6033
4338,362
4338,1141
4338,2219
4339,2904
4340,110
4340,4722
4340,8364
4341,224
4342,414
4343,9228
4345,3905
4347,2010
4347,4941
4348,2541
4352,1722
4352,6566
4353,7165
4353,9219
4356,5501
4357,6500
4358,3041
4359,3216
4360,7147
4361,1195
4361,1807
4362,4334
4363,491
4364,7455
4366,298
4367,4112
4369,8679
4370,6819
4374,6228
4375,3771
4376,7683
4376,8128
4376,9166
4378,2229
4378,3723
4378,5249
4378,7690
4379,4150
4380,1937
4384,655
4384,9877
4385,6756
4385,7311
4385,8153
4386,551
4386,8155
4389,2336
4391,9878
4392,2358
4398,1698
4399,6618
4399,9299
4400,8094
4401,2255
4401,9600
4402,4793
4402,5534
4404,6447
4404,9197
4405,7542
4408,8092
4409,2537
4409,3064
4409,7007
4410,5055
4415,1911
4416,3305
4421,3655
4422,2539
4422,5962
4424,1233
4425,6243
4426,7283
4427,6887
4428,800
4430,282
4432,7446
4432,7849
4433,2823
4433,8601
4437,1227
4437,4189
4437,4527
4439,540
4439,1760
4439,3983
4439,6641
4441,3351
4443,1374
4444,3996
4444,4803
4445,153
4445,7111
4446,7774
4447,6959
4447,7844
4448,8069
4449,70
4449,2706
4450,7726
4452,966
4453,4759
4453,8107
4455,7632
4456,175
4461,6974
4461,9643
4462,3571
4462,9380
4463,6944
4467,9110
4468,8542
4469,2133
4469,4963
4469,8165
4471,1591
4471,3341
4471,3749
4471,5453
4472,2380
4472,5863
4473,6659
4473,6802
4474,9263
4475,1431
4475,3614
4475,6227
4475,6924
4477,6071
4479,9594
4481,7983
4482,2862
4482,4050
4482,8598
4483,1471
4483,6185
4483,7580
4483,8470
4489,3049
4491,3762
4493,4234
4493,9223
4494,8259
4495,8401
4496,1287
4498,3119
4501,1249
4501,8114
4505,5710
4507,3253
4508,1697
4510,8049
4511,170
4511,5866
4514,5008
4516,1904
4517,769
4517,9908
4518,9873
4519,9389
4520,9688
4521,5955
4521,6839
4524,9566
4525,603
4526,4794
4526,8335
4527,4437
4529,726
4529,2812
4529,7767
4534,2421
4534,8388
4538,2581
4539,8579
4542,4102
4544,1457
4545,7536
4545,9261
4546,874
4551,7253
4551,7399
4552,2261
4552,6372
4553,144
4555,5619
4556,9310
4558,5563
4559,9084
4559,9272
4560,2577
4561,2952
4562,1169
4566,2401
4566,9154
4567,8521
4568,4132
4569,5772
4571,1601
4571,4323
4574,8488
4575,9736
4576,1551
4581,9770
4583,1220
4583,2751
4583,9580
4584,9495
4586,754
4586,8009
4587,115
4587,3905
4588,5897
4593,7973
4593,8709
4594,2828
4595,609
4595,6822
4596,1007
4596,4637
4596,6522
4596,6810
4598,881
4598,7223
4599,7814
4599,9850
4601,2776
4601,4615
4602,141
4604,5402
4604,8920
4606,6301
4607,3145
4607,8493
4608,6816
4610,1928
4610,6395
4611,8497
4615,4601
4616,7886
4618,45
4619,6800
4620,333
4621,2328
4621,5399
4623,7347
4624,6045
4626,7708
4626,8137
4627,7318
4629,119
4630,219
4632,8048
4633,5778
4633,7613
4633,9568
4635,966
4635,4874
4637,4596
4637,6878
4639,5607
4640,8060
4642,7380
4642,7931
4645,6947
4647,9247
4647,9259
4648,131
4648,6083
4649,4738
4650,5546
4651,9866
4652,786
4652,9816
4656,5218
4658,7892
4658,9963
4660,9038
4661,7707
4662,9775
4663,2903
4666,2981
4667,6549
4668,8117
4669,8978
4674,676
4676,3309
4679,2195
4679,9967
4680,6964
4681,1027
4682,7681
4683,7815
4683,8045
4684,5404
4684,5476
4685,4198
4687,7805
4688,7204
4689,9839
4690,5801
4691,785
4692,799
4692,6745
4693,5839
4693,7881
4696,5501
4698,4158
4699,1400
4699,9917
4702,5631
4702,5777
4703,6403
4704,5492
4705,6002
4705,8977
4706,662
4707,1393
4707,1814
4708,2311
4708,3995
4709,541
4709,6717
4710,1237
4710,5307
4710,8259
4712,8484
4713,6184
4715,5764
4715,9837
4716,5594
4716,9217
4718,3946
4718,7358
4719,1562
4722,2354
4722,3584
4722,4340
4723,9444
4724,1091
4724,6988
4725,7516
4726,7828
4727,8603
4728,3608
4734,2531
4734,7624
4735,100
4736,1120
4736,3787
4736,7741
4737,2578
4737,2886
4738,4649
4738,6627
4738,7737
4739,3157
4739,8304
4742,661
4742,9728
4744,129
4744,940
4746,5893
4746,7821
4747,2153
4748,9427
4749,5427
4752,9356
4753,2536
4753,4271
4753,6597
4754,4841
4755,375
4757,1409
4757,3747
4757,5356
4759,4453
4759,7833
4760,7528
4761,4809
4761,9443
4762,358
4762,1675
4763,2034
4765,9688
4768,105
4769,4154
4769,9023
4770,2533
4771,2107
4771,3638
4771,8422
4772,947
4773,583
4775,6995
4777,322
4777,2141
4778,5598
4779,2082
4779,8264
4780,2093
4782,866
4782,1987
4783,7991
4783,8549
4784,3066
4785,7883
4786,2355
4787,5491
4790,4193
4790,9857
4791,7450
4792,8167
4793,4402
4794,4526
4795,4903
4795,8463
4795,8747
4796,943
4799,2033
4801,1888
4803,4444
4804,5220
4805,926
4805,3696
4805,7637
4805,8276
4807,2412
4808,786
4808,1263
4808,5715
4808,7433
4808,9134
4809,2250
4809,3160
4809,4761
4810,8707
4812,4903
4813,9322
4814,977
4814,5645
4814,6992
4817,3982
4817,4978
4817,5640
4817,8819
4818,678
4819,4283
4821,1925
4822,644
4823,4331
4823,6118
4824,6331
4825,6680
4826,4104
4827,4280
4830,585
4830,4043
4831,211
4831,1337
4831,3057
4831,4245
4833,3204
4835,2753
4835,3794
4835,8986
4836,8815
4837,3340
4841,1155
4841,4754
4845,1917
4845,5121
4847,5555
4848,5799
4849,8372
4852,7400
4853,7568
4854,1970
4855,2382
4855,2431
4860,3020
4860,5533
4861,397
4861,8206
4862,3673
4863,2825
4863,6689
4864,2103
4864,5894
4866,7944
4869,2553
4870,1555
4873,3591
4874,4635
4876,4247
4878,7806
4879,6039
4880,7091
4880,7225
4881,2734
4881,6315
4885,831
4887,3763
4888,713
4888,3281
4888,4229
4889,2511
4889,4116
4889,9862
4890,957
4891,5725
4893,5935
4893,7711
4895,8362
4896,7048
4896,7237
4898,2833
4901,5277
4901,7868
4903,4795
4903,4812
4903,5201
4903,7050
4903,9216
4904,4160
4904,6890
4907,3978
4909,7821
4910,4293
4911,9485
4915,533
4915,3956
4916,7972
4916,8341
4917,8471
4918,4022
4918,6039
4919,1620
4922,1200
4922,7681
4924,4284
4924,5101
4927,6413
4929,2733
4929,6811
4932,133
4933,1477
4935,740
4935,4240
4936,2360
4936,6295
4937,2244
4938,9337
4940,8070
4941,747
4941,1648
4941,4347
4942,7
4943,8668
4944,4157
4944,5907
4945,4003
4945,5516
4945,8552
4945,9006
4946,5944
4949,2452
4950,3010
4950,8903
4950,9038
4951,5255
4952,2008
4952,7938
4953,465
4959,9672
4960,6171
4962,7139
4962,9862
4963,4469
4964,1737
4965,4030
4967,8530
4968,781
4969,2413
4970,5365
4971,1039
4971,1445
4972,624
4974,8725
4975,4165
4978,4817
4980,2051
4980,8899
4982,1995
4982,8850
4982,9945
4984,6484
4985,939
4985,3411
4985,3604
4986,3033
4987,3364
4988,5930
4988,9314
4988,9648
4989,1957
4992,2007
4992,2857
4992,3413
4993,9054
4995,2029
4995,7679
4996,1834
4996,4026
4997,1521
4999,3819
4999,9711
5001,3613
5003,9530
5004,5252
5005,3026
5007,2683
5008,4514
5010,2801
5010,2911
5011,892
5011,5098
5012,9728
5013,5291
5013,6639
5014,3434
5017,7415
5018,5772
5019,3485
5020,3714
5022,7119
5023,1677
5024,8955
5026,679
5027,2348
5027,2989
5029,6251
5030,1381
5031,9031
5032,3360
5032,7932
5033,1049
5033,8480
5034,996
5035,1186
5037,3973
5039,1961
5040,576
5040,1974
5040,8044
5042,1250
5042,2015
5043,443
5043,2793
5043,8293
5045,8456
5047,3673
5047,9510
5049,3398
5049,5436
5050,5089
5051,8337
5055,4410
5056,1588
5056,5840
5056,5848
5056,7029
5057,2605
5065,698
5066,3112
5068,6263
5069,6698
5069,9548
5071,9611
5073,7287
5074,6579
5075,562
5075,7169
5075,7481
5076,6086
5078,6650
5079,5700
5079,6112
5080,7031
5080,7663
5081,2286
5081,2694
5081,9530
5082,2428
5083,5971
5083,8099
5086,9042
5087,5934
5088,1453
5089,5050
5090,171
5091,236
5091,1277
5093,1672
5095,1812
5095,7878
5095,9312
5096,6768
5098,5011
5098,5692
5098,9203
5099,94
5099,1182
5101,4924
5103,746
5103,5345
5104,2693
5104,8686
5106,1417
5106,8617
5108,3469
5109,6243
5111,8094
5111,8884
5113,6318
5115,428
5115,8378
5116,969
5116,2592
5117,475
5120,3795
5120,7130
5121,4845
5122,2315
5123,7471
5125,5271
5134,7817
5136,4171
5137,9155
5139,2535
5143,1547
5145,6552
5146,7187
5150,343
5150,476
5151,484
5152,1663
5155,8937
5157,7806
5157,8124
5158,1135
5161,2604
5161,2716
5162,411
5162,7548
5163,1110
5164,431
5164,2922
5166,3691
5167,3819
5168,1372
5168,2482
5168,6405
5170,400
5170,3000
5171,8301
5172,6981
5173,2682
5173,9409
5174,1483
5176,7340
5177,3226
5178,409
5181,1431
5181,2508
5182,4125
5183,3953
5184,9508
5184,9620
5187,2703
5188,9327
5189,38
5190,1406
5190,7873
5191,7513
5193,793
5193,2220
5193,9774
5194,1247
5194,9601
5195,2031
5196,9032
5197,1898
5198,2832
5198,3584
5200,6714
5200,9388
5201,4903
5201,5605
5202,5919
5202,8538
5203,3606
5204,336
5205,498
5205,6100
5205,7796
5208,2226
5209,153
5209,8013
5209,9592
5210,2439
5211,2762
5213,8348
5213,9755
5215,2593
5216,8264
5216,9867
5218,3329
5218,4656
5219,2399
5219,3450
5219,4022
5220,4804
5220,6476
5221,6812
5222,1581
5223,8922
5226,2171
5227,266
5228,6028
5229,9074
5230,1069
5230,4149
5230,6521
5230,8652
5230,9688
5231,1394
5232,8126
5233,1459
5233,1749
5234,3372
5234,9172
5235,5615
5236,7036
5237,9389
5238,4280
5238,6595
5239,7911
5240,9491
5241,531
5241,8037
5241,9872
5243,2943
5243,5840
5244,2013
5244,9294
5245,5649
5245,6754
5246,5871
5247,8066
5247,9646
5248,2947
5249,4378
5249,8793
5249,8975
5249,9661
5251,2423
5251,9266
5252,0
5252,5004
5255,3371
5255,4951
5256,9015
5257,8684
5262,3238
5263,9029
5264,669
5265,3198
5265,7336
5266,482
5266,1864
5266,9684
5267,3504
5269,1613
5269,3249
5270,7240
5271,5125
5271,6686
5272,3357
5272,9493
5275,2235
5276,3083
5277,4901
5278,8858
5279,9611
5280,7497
5283,3616
5284,2288
5284,3837
5284,5788
5285,6448
5286,1038
5286,6441
5290,9762
5291,5013
5291,6383
5291,6913
5293,6979
5296,1729
5299,9319
5303,6766
5307,1935
5307,4710
5308,7413
5309,527
5311,1586
5312,6367
5314,29
5314,6235
5314,8508
5316,3218
5317,488
5318,1332
5319,297
5320,1402
5321,59
5321,3777
5324,6846
5324,9480
5325,1870
5325,7257
5326,5943
5333,8651
5334,1503
5334,3723
5339,3879
5340,1982
5343,1691
5344,5637
5345,5103
5346,8355
5347,1337
5348,5993
5350,6096
5351,2049
5356,4757
5356,8909
5361,3737
5361,6751
5362,8584
5365,4970
5366,977
5367,2839
5367,8997
5368,9695
5372,3412
5372,5503
5372,9805
5374,2295
5375,9880
5376,8020
5377,1266
5378,7923
5379,2064
5379,6374
5380,7131
5382,6545
5384,5768
5387,4197
5388,8164
5391,1053
5391,2726
5392,3805
5394,854
5396,1729
5397,3958
5399,4621
5399,9925
5402,4604
5403,5454
5404,1153
5404,4684
5408,341
5409,51
5410,7812
5412,5582
5414,7610
5416,5642
5417,8236
5418,3952
5418,8990
5420,5753
5420,8953
5425,1676
5425,1937
5426,8130
5426,8857
5427,3638
5427,4749
5428,3869
5431,2919
5431,3967
5431,7298
5432,3133
5433,2393
5433,2773
5434,2086
5436,2865
5436,5049
5437,7633
5438,15
5438,5475
5438,6388
5439,684
5439,9625
5440,2651
5442,867
5445,8620
5446,3683
5446,3987
5448,919
5448,6360
5448,6375
5449,4148
5451,2576
5452,2371
5452,9331
5453,2366
5453,4471
5454,3351
5454,5403
5455,317
5456,6826
5458,3665
5458,9559
5464,4276
5464,6105
5465,8499
5466,720
5466,2599
5467,9730
5467,9786
5468,9280
5473,1848
5474,3766
5475,764
5475,5438
5476,1967
5476,4684
5476,8094
5481,8058
5483,2518
5483,6765
5489,6031
5491,4787
5492,4704
5493,2359
5493,9612
5495,514
5495,4018
5495,8436
5496,774
5497,8626
5497,8805
5498,5873
5499,5569
5500,3816
5501,4356
5501,4696
5503,2591
5503,4031
5503,5372
5505,9558
5506,20
5507,1998
5508,3294
5508,9696
5511,8275
5512,9945
5515,2536
5516,4945
5518,1386
5518,2230
5520,3627
5522,3036
5523,2034
5523,8472
5524,2832
5525,7354
5526,1980
5526,9784
5527,2322
5527,3754
5528,3662
5528,8663
5532,8115
5533,4860
5534,4402
5534,8104
5535,741
5535,7544
5536,8836
5537,2732
5539,5826
5539,8670
5541,9697
5542,4119
5543,1731
5545,1241
5546,3454
5546,4212
5546,4650
5547,8208
5548,71
5549,2459
5550,929
5550,3582
5550,7783
5550,9747
5551,8451
5555,4847
5556,2465
5557,1637
5557,3297
5558,8275
5560,1101
5560,2149
5561,7253
5562,3919
5562,6763
5562,9453
5563,3098
5563,4558
5563,7779
5565,1638
5565,3375
5565,3510
5566,6651
5567,1717
5567,6883
5568,2642
5569,5499
5570,70
5570,6337
5571,3977
5573,7099
5574,278
5575,950
5576,1498
5577,5907
5578,1216
5578,6330
5579,194
5580,186
5581,8019
5582,5412
5582,9255
5583,1256
5586,8345
5587,2230
5589,2997
5589,5779
5589,9900
5591,7926
5592,3008
5593,8368
5594,1216
5594,4716
5596,2778
5597,9136
5598,1473
5598,4778
5599,5777
5599,9582
5601,3003
5604,3554
5605,5201
5607,4639
5608,2938
5608,6964
5609,7805
5609,8749
5610,8844
5610,9773
5611,9824
5612,1316
5612,2070
5612,3426
5612,9525
5615,5235
5616,8481
5617,3815
5617,6716
5619,4555
5620,2647
5622,4262
5625,1649
5625,3648
5625,6661
5626,3621
5627,1531
5627,7949
5629,1626
5630,2562
5630,8242
5631,4702
5631,6391
5635,2712
5637,5344
5639,8278
5640,1231
5640,4817
5640,9466
5641,1129
5641,6942
5642,5416
5642,6918
5643,7154
5643,7404
5645,944
5645,4814
5645,6385
5646,3566
5646,9395
5647,6813
5648,2692
5649,5245
5649,5941
5649,6105
5650,1199
5651,9375
5653,8156
5654,982
5655,2754
5656,1685
5658,7704
5659,3183
5659,3265
5661,6791
5662,6078
5663,5684
5663,7633
5667,5959
5669,5805
5669,6215
5670,3317
5670,8895
5671,3066
5673,1690
5674,2940
5674,6741
5675,2311
5676,775
5676,2033
5676,9271
5677,7842
5677,8958
5678,9180
5679,3279
5679,8420
5682,3778
5684,5663
5685,9415
5687,3170
5688,2346
5689,9870
5691,9198
5692,5098
5693,1362
5694,8415
5697,3372
5697,7163
5698,1087
5698,1934
5698,1960
5700,5079
5701,698
5705,2945
5705,8019
5706,1765
5706,3399
5707,8007
5708,9678
5710,4505
5711,7692
5714,8174
5715,3354
5715,4808
5717,5813
5717,8978
5719,678
5720,4091
5720,8162
5722,3996
5722,9888
5723,4101
5725,4891
5726,1843
5726,7003
5727,1746
5728,9497
5729,9506
5731,7462
5732,8233
5733,6672
5733,7487
5734,7316
5739,1301
5739,6251
5741,4037
5742,5743
5743,5742
5744,6669
5745,7836
5746,2577
5746,7866
5747,6971
5747,8794
5748,2921
5751,6435
5753,5420
5754,8953
5759,6183
5764,4715
5764,7927
5766,6014
5766,7095
5766,9433
5767,214
5767,8380
5768,5384
5770,9893
5772,4569
5772,5018
5773,4132
5775,2707
5776,8167
5777,358
5777,4702
5777,5599
5777,8441
5777,9360
5778,4224
5778,4633
5778,6614
5778,8330
5779,4297
5779,5589
5780,7044
5782,8500
5785,1200
5785,7087
5785,9889
5786,3077
5787,592
5787,3166
5787,7070
5788,3795
5788,5284
5788,6301
5789,7544
5791,3038
5792,1076
5792,6047
5794,8647
5795,5868
5797,8297
5798,6307
5799,4848
5799,7381
5800,1578
5801,3421
5801,4690
5802,7677
5802,9914
5803,587
5804,1906
5804,4192
5804,5956
5805,5669
5806,4041
5806,8844
5807,880
5807,1154
5809,1408
5809,8484
5810,934
5810,7555
5811,1110
5812,2741
5813,1331
5813,5717
5814,6861
5815,6013
5815,8981
5815,9864
5819,3940
5820,1359
5821,6225
5824,141
5826,5539
5827,8661
5829,1455
5829,7987
5832,6644
5834,3893
5839,4693
5840,5056
5840,5243
5840,9413
5841,7977
5842,362
5843,6754
5846,1890
5848,745
5848,5056
5848,9212
5850,9362
5850,9762
5851,3178
5852,2101
5853,6980
5855,6565
5858,8347
5859,301
5860,770
5861,6508
5861,7919
5862,3962
5863,3347
5863,4472
5865,9305
5866,4511
5868,5795
5870,629
5871,5246
5872,2460
5873,5498
5876,9598
5877,3512
5878,7881
5879,8748
5879,9507
5880,6113
5881,4299
5881,8002
5882,1231
5890,511
5890,9692
5891,3788
5891,8024
5893,4746
5894,4864
5895,9407
5897,4
5897,4588
5897,8966
5898,1028
5899,8262
5900,3058
5902,1164
5903,457
5903,994
5903,8764
5905,8476
5906,9812
5907,4944
5907,5577
5910,214
5911,9010
5913,3995
5913,7092
5915,8861
5916,7254
5918,6772
5918,8781
5919,5202
5920,426
5922,7199
5924,2522
5926,1568
5927,1597
5927,4119
5928,9329
5929,138
5930,4988
5931,434
5931,1496
5932,2880
5932,8538
5934,1828
5934,5087
5934,8864
5935,3848
5935,4893
5940,9496
5940,9665
5941,5649
5943,3513
5943,5326
5944,205
5944,4946
5945,3199
5946,6770
5949,2959
5949,8611
5950,7206
5953,9372
5955,4521
5956,5804
5959,5667
5959,9721
5960,504
5960,6711
5962,4422
5963,3366
5963,4328
5963,9304
5964,180
5966,1146
5966,2554
5971,5083
5971,7386
5972,7156
5974,643
5974,1829
5975,9113
5975,9711
5976,9830
5982,1410
5983,3651
5984,8623
5985,2781
5989,756
5990,1602
5990,3708
5990,9168
5991,1834
5991,6405
5991,7152
5993,5348
5994,9985
5995,2469
5998,9088
5999,6110
5999,9166
6000,73
6000,9559
6001,2509
6002,4705
6002,7238
6003,8446
6003,8559
6006,6348
6006,7288
6006,9348
6006,9830
6008,3524
6009,485
6009,8341
6010,40
6012,3229
6013,5815
6013,8819
6014,5766
6014,8512
6015,6363
6017,144
6017,4137
6019,301
6019,3938
6021,8520
6022,8467
6023,2186
6023,3250
6023,8243
6023,9053
6025,1819
6026,1778
6026,2860
6028,3459
6028,5228
6030,2288
6031,5489
6031,9730
6033,4337
6035,2857
6035,6169
6036,2170
6036,8863
6037,1007
6038,7827
6039,4879
6039,4918
6039,8551
6039,9550
6040,1189
6040,7666
6041,2163
6042,855
6042,1810
6042,3963
6043,895
6043,6624
6045,4624
6046,1333
6047,5792
6056,3325
6057,6368
6058,9895
6059,1560
6060,6375
6061,1375
6064,963
6064,1501
6064,3529
6065,4019
6068,9722
6070,7376
6071,693
6071,4477
6072,1545
6072,7309
6074,4210
6074,8986
6078,5662
6079,2169
6080,1769
6083,4648
6083,7277
6083,7606
6084,1101
6084,1887
6086,5076
6088,8113
6089,7687
6095,1311
6095,2116
6096,5350
6099,2222
6100,5205
6100,9768
6102,472
6103,2101
6103,2868
6103,3348
6104,4004
6105,1122
6105,5464
6105,5649
6105,9850
6106,8813
6107,1552
6109,8168
6110,5999
6111,1826
6111,7006
6112,5079
6112,9725
6113,5880
6113,8739
6113,9515
6116,2661
6118,4823
6118,9812
6119,824
6120,8601
6124,9623
6125,8911
6126,939
6126,3233
6126,8109
6126,8764
6128,8451
6128,8538
6135,7239
6137,3367
6138,2486
6140,690
6143,8706
6145,6263
6147,380
6148,602
6148,1946
6151,9183
6152,573
6153,7185
6156,8816
6158,8651
6158,9985
6160,8237
6161,316
6166,2802
6168,3164
6169,6035
6171,4960
6172,4080
6172,7485
6172,7718
6173,6310
6178,9209
6179,2813
6179,7711
6183,5759
6184,2432
6184,4713
6185,2617
6185,4483
6186,3781
6186,3800
6189,9662
6193,1255
6193,2162
6194,8016
6198,8400
6200,8588
6202,7521
6203,7858
6205,8936
6206,2000
6207,2560
6207,7540
6207,7924
6208,8186
6210,9727
6211,7065
6212,3154
6213,2470
6215,5669
6217,1121
6219,6786
6220,419
6220,8231
6223,2289
6224,350
6225,842
6225,5821
6227,4475
6227,8358
6228,1418
6228,3288
6228,4374
6232,895
6234,1816
6235,659
6235,5314
6236,7513
6238,1842
6238,1986
6241,4078
6241,8763
6242,886
6243,4425
6243,5109
6244,4082
6246,1582
6251,5029
6251,5739
6252,2685
6253,4014
6253,8477
6254,3879
6259,2029
6263,1234
6263,5068
6263,6145
6264,2319
6266,1909
6267,9604
6268,7776
6269,2917
6270,7700
6270,8883
6271,8740
6273,2337
6276,252
6278,7904
6279,2038
6279,6847
6280,9543
6283,7467
6290,7193
6291,8350
6294,3100
6294,9032
6295,4936
6297,9447
6298,9773
6299,6416
6299,6653
6300,8529
6301,4606
6301,5788
6301,8324
6302,8647
6303,7828
6305,7204
6306,9494
6307,5798
6308,8713
6308,9308
6310,2161
6310,6173
6311,6372
6312,8429
6315,2713
6315,4881
6315,6332
6315,7365
6315,9925
6317,2166
6317,3601
6318,5113
6320,6976
6320,8134
6320,9598
6322,1552
6325,1375
6325,3617
6325,7124
6326,703
6326,3160
6326,7313
6328,6447
6328,8058
6329,8458
6330,5578
6331,4824
6332,322
6332,6315
6333,7194
6335,6439
6335,9719
6337,432
6337,5570
6339,3585
6340,1241
6341,1166
6342,2848
6342,7298
6343,1249
6346,4119
6347,9627
6348,3150
6348,6006
6349,2487
6349,6567
6350,6521
6351,7327
6353,233
6354,4140
6357,1544
6357,9931
6358,7164
6359,1937
6359,8058
6359,8589
6360,5448
6363,6015
6364,3774
6366,8164
6367,4081
6367,5312
6368,3264
6368,6057
6368,7180
6369,282
6372,4552
6372,6311
6373,4048
6374,113
6374,5379
6375,5448
6375,6060
6376,9305
6377,2994
6379,4335
6383,5291
6383,8649
6384,1482
6384,1652
6385,5645
6385,7670
6387,827
6387,1938
6387,2668
6388,1648
6388,3037
6388,5438
6390,9625
6391,5631
6393,1977
6395,4610
6395,6742
6395,8512
6396,9854
6397,7557
6397,7668
6398,9740
6399,2681
6399,8993
6400,4294
6400,8355
6401,2229
6402,3890
6402,9727
6403,515
6403,2255
6403,2629
6403,2716
6403,4703
6405,429
6405,5168
6405,5991
6409,2410
6409,8480
6410,3272
6410,4220
6411,2588
6412,3834
6412,8235
6413,4927
6416,6299
6417,2736
6417,8000
6419,7429
6419,7492
6420,3942
6420,8056
6421,8538
6422,3509
6424,1349
6426,178
6426,1947
6426,6494
6427,6699
6430,3529
6430,4160
6430,6533
6431,7894
6432,348
6435,5751
6436,2309
6437,2170
6438,6618
6439,6335
6441,5286
6441,7474
6442,3770
6443,1763
6444,2311
6444,6476
6445,366
6445,8317
6446,8799
6447,4404
6447,6328
6448,5285
6449,3024
6455,9527
6455,9606
6456,812
6456,3304
6457,1916
6458,1547
6458,3692
6459,7124
6461,344
6461,6892
6461,7327
6462,6845
6462,6940
6462,7274
6463,6513
6464,6746
6464,6929
6464,7297
6465,2238
6466,376
6466,3554
6467,816
6467,3845
6470,8323
6471,6827
6471,7461
6476,1164
6476,5220
6476,6444
6478,7824
6481,2064
6481,3962
6481,8612
6482,8059
6484,4984
6487,3888
6488,945
6489,7583
6489,7902
6490,2679
6492,322
6494,6426
6495,3436
6495,8307
6496,3760
6496,3942
6499,1586
6499,3915
6499,4294
6499,7528
6499,9008
6500,291
6500,4357
6503,2121
6505,3203
6506,2381
6507,345
6507,1324
6508,5861
6510,4186
6510,8356
6511,3400
6512,387
6512,9197
6513,6463
6515,91
6515,494
6515,2678
6515,6753
6517,1353
6518,2376
6518,8446
6520,818
6520,2407
6521,5230
6521,6350
6522,771
6522,4596
6523,3061
6524,3984
6525,1265
6525,2964
6526,7499
6527,134
6527,516
6530,9303
6533,1973
6533,6430
6534,7878
6536,3017
6536,6612
6540,8267
6542,3987
6543,2111
6543,2600
6544,4059
6545,3322
6545,5382
6546,6579
6549,4667
6550,3245
6550,7780
6552,5145
6555,577
6555,1415
6555,3813
6560,1231
6560,9586
6561,7195
6565,2875
6565,5855
6566,4352
6567,6349
6571,547
6571,9770
6572,1072
6572,8145
6574,7557
6579,5074
6579,6546
6580,7661
6583,4091
6584,3004
6584,9082
6585,9637
6586,2789
6586,8260
6587,7213
6587,8174
6588,1832
6590,1235
6591,7355
6592,554
6595,458
6595,5238
6596,8262
6597,4753
6600,130
6600,2848
6604,7242
6605,3932
6605,9239
6607,7246
6609,9321
6612,888
6612,6536
6613,658
6614,2045
6614,2352
6614,5778
6614,7200
6615,464
6616,3208
6616,8720
6618,4399
6618,6438
6621,525
6621,7722
6623,2296
6624,1891
6624,6043
6627,4738
6627,6842
6628,8196
6634,232
6639,5013
6640,3992
6641,4439
6644,4181
6644,5832
6646,763
6650,5078
6651,1033
6651,5566
6652,9116
6653,6299
6653,6686
6654,217
6656,8393
6657,1619
6659,4473
6661,5625
6661,8896
6662,829
6662,4325
6662,7459
6665,8659
6669,4283
6669,5744
6671,2301
6672,5733
6673,4130
6674,8655
6676,6986
6679,8076
6679,9793
6680,2073
6680,2501
6680,4825
6681,2680
6682,7811
6684,3147
6686,1125
6686,5271
6686,6653
6686,8640
6687,7866
6689,4863
6691,4263
6692,7276
6693,4070
6694,9780
6695,559
6697,3015
6698,5069
6698,9108
6699,1235
6699,6427
6700,3203
6701,4070
6701,4084
6701,4309
6702,1285
6704,2512
6707,9087
6709,7255
6710,733
6711,5960
6711,7461
6713,1594
6714,5200
6716,1743
6716,5617
6717,4709
6718,7953
6719,3963
6722,9982
6723,1251
6723,3481
6723,6897
6726,1271
6727,1837
6727,1868
6728,4134
6729,1588
6729,7271
6730,1302
6731,731
6734,3428
6735,9314
6736,3803
6740,3554
6741,5674
6742,1097
6742,6395
6745,4692
6746,6464
6748,2893
6748,7199
6750,6949
6751,2179
6751,5361
6751,9533
6752,9870
6753,6515
6753,7557
6753,9544
6754,5245
6754,5843
6756,564
6756,3310
6756,4385
6756,6978
6757,883
6759,8449
6761,857
6761,1997
6761,2143
6762,1145
6763,1319
6763,5562
6765,5483
6766,2365
6766,5303
6766,9487
6768,5096
6768,8545
6769,7303
6770,5946
6771,2422
6771,7318
6772,5918
6777,3274
6777,9880
6778,2136
6778,2824
6779,7777
6783,585
6784,7955
6785,1124
6786,6219
6787,3324
6788,2902
6791,5661
6795,6889
6796,2957
6798,1290
6799,8213
6800,1573
6800,4619
6801,2865
6802,4473
6804,3853
6805,8167
6806,3253
6810,4596
6811,4929
6812,1811
6812,5221
6813,2258
6813,5647
6814,9860
6815,6876
6815,9598
6816,4608
6817,1891
6818,2172
6819,18
6819,4370
6822,3405
6822,4595
6822,8305
6824,6946
6826,5456
6827,6471
6827,8501
6830,9216
6832,3948
6833,8031
6835,1778
6835,8251
6836,2159
6836,8767
6839,4521
6840,8831
6842,6627
6843,1327
6844,8868
6845,6462
6846,3489
6846,5324
6847,3037
6847,6279
6847,8064
6848,6881
6851,8432
6852,9277
6855,3855
6855,8929
6856,8482
6856,8818
6861,220
6861,5814
6863,3928
6864,8246
6867,1552
6870,4204
6870,7109
6872,2092
6873,7106
6874,8774
6876,6815
6878,4637
6881,6848
6882,413
6882,1433
6883,5567
6883,7533
6883,8593
6885,574
6885,1911
6885,9406
6886,330
6887,4427
6889,6795
6890,4904
6892,119
6892,6461
6892,9027
6893,2533
6896,590
6896,3592
6896,7064
6897,6723
6900,7236
6900,8619
6903,1607
6906,600
6906,1675
6908,904
6908,2456
6909,3125
6913,568
6913,5291
6914,3707
6916,733
6916,8114
6916,9049
6917,1810
6917,7725
6918,5642
6919,646
6922,2094
6923,1562
6923,2123
6923,8834
6924,4475
6925,3147
6926,2335
6928,1420
6928,9970
6929,6464
6931,8594
6933,2000
6934,8556
6937,2870
6938,9141
6939,259
6940,2920
6940,6462
6941,3385
6942,5641
6942,7523
6944,2097
6944,4463
6944,8217
6945,4309
6945,9373
6946,6824
6947,4645
6949,6750
6950,2870
6951,240
6952,166
6955,1021
6957,7405
6959,4447
6960,7101
6960,8350
6964,817
6964,4680
6964,5608
6965,3138
6965,8407
6965,9499
6966,1243
6967,2278
6969,2321
6970,7517
6971,5747
6974,4461
6974,8875
6976,733
6976,6320
6976,8266
6978,6756
6979,477
6979,956
6979,5293
6980,5853
6981,2475
6981,5172
6983,3473
6985,3360
6986,3271
6986,6676
6986,8972
6988,4724
6989,7304
6991,8235
6992,1922
6992,4814
6992,7663
6995,4775
6997,3585
6997,8974
7002,280
7003,2138
7003,3884
7003,5726
7003,7104
7003,8609
7006,6111
7007,4409
7008,731
7008,9567
7010,321
7010,9000
7011,1316
7011,9468
7012,7909
7013,2570
7014,2717
7015,3048
7015,3100
7016,8268
7020,8979
7021,2720
7021,7502
7022,210
7023,786
7023,9566
7026,8966
7027,8651
7028,9742
7029,5056
7029,7486
7030,2949
7031,5080
7032,3638
7034,9685
7036,5236
7036,7763
7037,1829
7037,3022
7039,9272
7043,2460
7044,5780
7045,3346
7046,170
7046,974
7048,4896
7048,7901
7049,4081
7050,400
7050,2294
7050,4903
7051,1434
7054,51
7058,2594
7062,54
7062,9903
7063,3294
7064,2148
7064,6896
7065,6211
7066,2718
7066,7635
7068,363
7069,1538
7069,1753
7070,1224
7070,5787
7073,2216
7073,9288
7075,1815
7076,1047
7076,3575
7077,7122
7081,9940
7085,9797
7086,2321
7086,7778
7087,4295
7087,5785
7088,574
7088,4336
7089,8946
7090,8993
7091,4880
7091,8191
7092,2542
7092,5913
7092,9540
7095,5766
7096,3901
7099,5573
7101,2698
7101,6960
7103,1810
7103,2536
7103,8571
7104,7003
7106,6873
7107,8517
7109,6870
7111,4445
7116,9580
7117,1688
7117,9447
7118,1663
7119,5022
7121,364
7122,7077
7123,7862
7124,3593
7124,6325
7124,6459
7126,7240
7130,1336
7130,5120
7131,2797
7131,5380
7138,2165
7138,7547
7138,7750
7139,1851
7139,4962
7139,9122
7142,2588
7142,9571
7146,9095
7147,4360
7149,831
7149,2130
7149,2601
7152,3322
7152,4000
7152,5991
7154,5643
7156,5972
7157,874
7157,8097
7160,9960
7163,5697
7164,6358
7165,4353
7167,1969
7167,8195
7168,182
7168,7804
7169,5075
7170,156
7170,8287
7173,1093
7175,2285
7175,2659
7175,9517
7177,1038
7177,9030
7178,451
7180,3604
7180,6368
7183,1111
7185,1673
7185,6153
7186,8272
7187,1097
7187,5146
7191,1539
7191,3743
7192,2766
7193,6290
7194,2263
7194,6333
7195,6561
7196,8458
7197,9938
7198,7961
7199,3070
7199,5922
7199,6748
7200,2560
7200,6614
7201,9452
7202,9705
7204,4688
7204,6305
7204,9578
7206,2240
7206,5950
7208,9731
7213,6587
7214,2808
7214,3039
7215,9867
7216,9682
7218,8934
7219,2992
7221,1614
7221,9021
7223,2577
7223,4598
7225,4880
7226,1760
7228,7941
7229,8344
7230,2637
7232,1046
7234,2280
7235,1647
7235,3062
7235,4120
7236,6900
7237,249
7237,4896
7237,8302
7238,272
7238,3029
7238,6002
7239,339
7239,6135
7240,5270
7240,7126
7240,9110
7242,6604
7243,1304
7244,409
7244,975
7246,6607
7248,909
7248,3521
7248,7933
7251,3256
7251,9171
7252,8918
7253,4551
7253,5561
7254,5916
7255,6709
7257,5325
7258,3299
7260,8689
7261,2268
7261,3198
7264,846
7269,1836
7269,2866
7269,8067
7269,8180
7269,9408
7271,24
7271,6729
7273,3068
7274,6462
7274,9895
7276,2247
7276,3348
7276,6692
7276,9428
7277,2325
7277,6083
7281,151
7281,9707
7283,4426
7284,3460
7286,9053
7287,1876
7287,3331
7287,5073
7288,2766
7288,6006
7290,2406
7291,1526
7291,2413
7294,1038
7296,369
7296,4294
7296,7668
7297,6464
7298,5431
7298,6342
7299,8760
7303,4243
7303,6769
7304,6989
7304,7828
7309,6072
7311,4385
7311,9677
7313,2682
7313,6326
7314,1778
7314,8761
7316,5734
7316,8909
7317,983
7318,4627
7318,6771
7323,3641
7324,396
7324,7748
7325,2926
7327,6351
7327,6461
7331,1512
7332,1179
7333,656
7333,916
7333,8584
7334,8675
7336,5265
7338,1388
7339,123
7339,2165
7340,1518
7340,5176
7342,686
7346,9025
7347,4623
7347,8940
7348,406
7348,658
7348,2179
7352,212
7354,3641
7354,5525
7354,8227
7355,4295
7355,6591
7356,1158
7358,2749
7358,4718
7361,3607
7364,7375
7365,6315
7365,9199
7368,220
7368,1744
7369,8965
7370,2275
7371,2831
7372,8145
7375,7364
7375,8952
7376,6070
7380,3773
7380,4642
7380,8929
7381,5799
7382,1145
7383,2545
7386,5971
7389,1918
7389,9476
7390,3478
7391,9250
7392,982
7394,1433
7394,3834
7399,1393
7399,4551
7400,4852
7402,1940
7404,5643
7405,6957
7407,660
7408,562
7408,9859
7410,8181
7411,1440
7413,5308
7414,367
7415,932
7415,3209
7415,5017
7417,1108
7420,9085
7426,378
7429,6419
7431,8536
7433,4808
7434,1954
7435,9821
7438,9921
7442,7900
7443,3319
7444,384
7446,4432
7446,8548
7447,1708
7448,3352
7450,3314
7450,4791
7451,2694
7451,9130
7453,44
7453,2178
7453,7865
7455,4364
7456,206
7459,1044
7459,6662
7461,3113
7461,6471
7461,6711
7462,875
7462,5731
7463,1151
7463,4040
7463,9268
7464,2717
7465,7496
7465,8071
7465,9156
7466,8923
7467,6283
7471,5123
7471,7767
7471,9598
7474,632
7474,6441
7475,9035
7477,4228
7481,1245
7481,5075
7483,753
7483,1741
7483,8137
7483,8619
7485,6172
7485,9970
7486,892
7486,7029
7487,3470
7487,5733
7487,9158
7492,6419
7495,1815
7495,3998
7496,7465
7497,5280
7499,6526
7499,8860
7499,9980
7501,8091
7502,7021
7502,9872
7503,422
7504,9256
7504,9618
7505,707
7505,9921
7507,4069
7509,76
7513,5191
7513,6236
7513,8542
7515,1669
7515,2130
7515,8873
7516,4725
7517,6970
7521,2017
7521,6202
7521,7960
7522,400
7523,1840
7523,6942
7527,8985
7528,4760
7528,6499
7530,3054
7530,4129
7530,9845
7532,3487
7533,3785
7533,6883
7536,4545
7536,7547
7536,9904
7539,8780
7540,6207
7542,4405
7543,8842
7544,1392
7544,5535
7544,5789
7547,7138
7547,7536
7548,4141
7548,5162
7549,1139
7549,9507
7550,2443
7550,3126
7551,1112
7551,8303
7554,8460
7554,9845
7555,5810
7557,6397
7557,6574
7557,6753
7558,2910
7559,8862
7560,1889
7560,2423
7560,3584
7560,9262
7560,9772
7562,7958
7564,1600
7565,515
7565,1470
7565,8970
7566,240
7566,3938
7567,2822
7568,1874
7568,4853
7574,2466
7579,882
7580,4483
7581,2330
7583,6489
7585,353
7585,3517
7585,3805
7586,1443
7589,2457
7593,3736
7597,2408
7597,8823
7598,8218
7600,1769
7601,653
7601,3022
7603,3003
7606,6083
7606,8973
7610,5414
7612,3668
7612,9126
7613,4633
7615,2638
7616,253
7616,1118
7617,2711
7617,3691
7618,22
7618,1769
7619,7731
7621,2952
7621,4212
7621,9185
7624,1737
7624,4734
7625,9355
7627,2246
7627,7719
7629,4265
7632,4455
7632,9689
7633,3567
7633,5437
7633,5663
7634,934
7635,7066
7636,9610
7637,4805
7638,1970
7638,2722
7639,4079
7641,9245
7643,2430
7648,2075
7652,9111
7653,8131
7653,9115
7654,9505
7655,467
7658,2455
7660,3133
7661,6580
7661,8834
7661,9599
7662,2221
7662,9529
7663,5080
7663,6992
7663,8728
7664,3575
7664,9638
7666,6040
7668,6397
7668,7296
7670,6385
7672,467
7672,2086
7673,3367
7676,2921
7677,5802
7677,9766
7679,4995
7681,2225
7681,4682
7681,4922
7683,4376
7685,1726
7686,9972
7687,3010
7687,6089
7689,1172
7690,4378
7690,9760
7692,5711
7694,1958
7697,8734
7700,6270
7703,9283
7704,5658
7704,8645
7707,4661
7708,4626
7709,9634
7710,7742
7711,2813
7711,4893
7711,6179
7712,741
7712,8998
7717,4145
7718,252
7718,6172
7718,8488
7719,2036
7719,4306
7719,7627
7720,8246
7722,1196
7722,6621
7724,2046
7724,8813
7725,3744
7725,6917
7726,4261
7726,4450
7727,1690
7728,826
7731,7619
7732,3689
7734,3363
7734,3516
7735,1312
7735,2130
7735,8868
7737,4738
7741,4736
7741,8683
7742,4113
7742,7710
7743,216
7745,1403
7745,2701
7745,9842
7747,2945
7748,7324
7750,7138
7752,9571
7753,1508
7757,1884
7760,2841
7760,8026
7761,1152
7762,7810
7763,3995
7763,7036
7764,2385
7767,4529
7767,7471
7771,3832
7773,1557
7773,2942
7773,9380
7774,4446
7775,982
7776,4241
7776,6268
7776,9411
7777,4225
7777,6779
7778,7086
7779,1448
7779,5563
7780,6550
7783,963
7783,4267
7783,5550
7784,684
7785,529
7786,3367
7787,1128
7788,1133
7793,2963
7796,1754
7796,5205
7796,9166
7800,2262
7802,1284
7802,2078
7804,7168
7805,3240
7805,4687
7805,5609
7806,241
7806,4878
7806,5157
7806,9374
7807,3191
7810,7762
7811,6682
7811,8709
7812,4058
7812,5410
7812,9113
7813,103
7813,3273
7813,4175
7814,4599
7814,9443
7815,4683
7816,8164
7817,5134
7819,2698
7821,3724
7821,4746
7821,4909
7822,2253
7822,9766
7823,3045
7824,1756
7824,6478
7826,3583
7827,6038
7828,4726
7828,6303
7828,7304
7833,4759
7835,978
7836,1268
7836,3627
7836,5745
7838,9403
7840,857
7842,496
7842,5677
7844,4447
7845,9331
7847,1763
7847,3986
7847,9678
7849,4432
7852,475
7854,2016
7856,915
7858,6203
7858,9042
7859,1347
7861,3945
7862,768
7862,7123
7863,9857
7863,9973
7865,2897
7865,7453
7866,3774
7866,5746
7866,6687
7867,1371
7868,4901
7868,7909
7872,264
7873,5190
7874,9644
7876,784
7876,1943
7877,38
7878,4217
7878,5095
7878,6534
7879,2834
7881,4693
7881,5878
7881,8553
7882,9355
7883,4785
7884,2129
7886,1531
7886,4616
7888,8589
7890,1774
7890,1973
7890,2582
7892,4658
7893,1826
7894,6431
7895,1443
7895,3373
7896,3569
7897,820
7899,3711
7899,9034
7900,493
7900,7442
7901,2065
7901,7048
7901,9631
7902,6489
7904,3489
7904,6278
7905,816
7908,7914
7909,7012
7909,7868
7911,2581
7911,5239
7912,8349
7913,2451
7914,934
7914,7908
7918,3587
7918,9549
7919,5861
7922,4295
7923,5378
7924,6207
7925,3513
7925,8499
7925,9895
7926,5591
7927,1821
7927,5764
7929,8549
7931,415
7931,1875
7931,4642
7932,5032
7932,9299
7933,3965
7933,4289
7933,7248
7937,3251
7938,4952
7940,843
7941,7228
7941,9968
7944,4296
7944,4866
7945,1585
7947,9429
7948,8165
7948,8710
7949,5627
7950,541
7951,9104
7953,3561
7953,6718
7955,4243
7955,6784
7956,9846
7958,7562
7960,7521
7961,7198
7962,759
7971,2203
7972,445
7972,4916
7973,4593
7974,3069
7975,1465
7975,1903
7975,3134
7977,1000
7977,1095
7977,5841
7979,644
7979,8234
7983,39
7983,3081
7983,3565
7983,4481
7985,3332
7987,5829
7987,9359
7988,9574
7990,282
7990,732
7991,1965
7991,4783
7992,405
7997,9422
8000,2610
8000,6417
8001,9322
8002,5881
8004,9581
8005,9566
8006,4044
8007,653
8007,5707
8008,8259
8008,8900
8009,4586
8010,2908
8011,9828
8013,5209
8014,4045
8014,9083
8015,3837
8016,3282
8016,6194
8019,5581
8019,5705
8020,5376
8021,3543
8021,8618
8022,2156
8023,1328
8024,5891
8026,3215
8026,7760
8028,2291
8028,9414
8029,3347
8030,3177
8031,6833
8033,2345
8036,9172
8036,9391
8037,3024
8037,5241
8040,3405
8042,1719
8042,3196
8043,1288
8044,5040
8044,9120
8045,4683
8048,3812
8048,4632
8049,4510
8056,6420
8057,1938
8058,5481
8058,6328
8058,6359
8059,6482
8060,4640
8064,6847
8065,9852
8066,5247
8067,7269
8069,1262
8069,4448
8070,4940
8071,7465
8072,2492
8075,4008
8076,6679
8076,8559
8081,9207
8086,2792
8086,4071
8086,8871
8087,9300
8088,2687
8091,3643
8091,7501
8092,4408
8094,1104
8094,4400
8094,5111
8094,5476
8094,9342
8095,9550
8097,3176
8097,7157
8098,4054
8098,9984
8099,5083
8100,9051
8101,485
8102,2894
8103,1069
8103,9867
8104,5534
8104,9328
8105,2813
8105,8175
8106,4128
8107,4453
8107,9838
8108,8782
8109,6126
8111,3458
8111,3787
8111,8251
8112,4066
8112,9477
8113,2688
8113,3758
8113,6088
8114,4501
8114,6916
8115,5532
8117,4668
8118,4329
8124,3712
8124,5157
8125,2973
8126,5232
8127,2725
8128,4376
8130,5426
8131,608
8131,7653
8132,2501
8134,21
8134,587
8134,6320
8136,3085
8137,4626
8137,7483
8138,8343
8139,9627
8140,176
8142,2561
8144,866
8145,6572
8145,7372
8146,8899
8149,3952
8149,8468
8152,2796
8152,3257
8153,4385
8155,4386
8155,9940
8156,5653
8159,3057
8160,1448
8161,9447
8162,5720
8164,5388
8164,6366
8164,7816
8165,1680
8165,4469
8165,7948
8167,4792
8167,5776
8167,6805
8168,6109
8168,9407
8172,936
8172,8527
8172,9864
8174,761
8174,5714
8174,6587
8174,9610
8175,8105
8180,7269
8181,7410
8181,9730
8185,167
8186,6208
8190,4123
8191,7091
8194,4037
8195,7167
8196,6628
8197,2327
8198,490
8198,2542
8200,9437
8205,1678
8206,4861
8206,9956
8208,1273
8208,5547
8209,8816
8213,2165
8213,6799
8217,234
8217,2864
8217,6944
8218,3293
8218,7598
8222,8513
8224,8366
8227,7354
8231,2525
8231,6220
8231,9349
8233,5732
8234,3078
8234,7979
8235,6412
8235,6991
8236,5417
8236,9227
8237,278
8237,6160
8237,9773
8239,9013
8241,9203
8242,1627
8242,5630
8242,8393
8242,8818
8242,9101
8243,6023
8244,4005
8245,458
8246,3785
8246,6864
8246,7720
8247,1362
8247,8967
8249,2993
8251,6835
8251,8111
8252,493
8252,9647
8257,9333
8259,4494
8259,4710
8259,8008
8260,1577
8260,6586
8260,9766
8262,5899
8262,6596
8262,9662
8264,4779
8264,5216
8265,8926
8266,3828
8266,6976
8266,9033
8267,48
8267,6540
8268,7016
8272,1231
8272,1576
8272,3247
8272,7186
8273,3362
8275,5511
8275,5558
8276,4805
8276,9415
8278,5639
8280,4199
8282,1594
8282,3035
8282,8781
8284,318
8284,797
8284,9272
8285,3107
8285,3450
8287,7170
8287,8444
8288,3343
8289,1632
8289,3974
8291,9205
8292,327
8292,805
8292,2982
8293,2995
8293,5043
8293,9436
8295,673
8295,3637
8295,8943
8296,9884
8297,3434
8297,5797
8301,5171
8302,7237
8303,7551
8304,4739
8304,9507
8305,6822
8307,6495
8312,9585
8314,871
8315,9891
8317,1741
8317,6445
8322,9498
8323,6470
8324,6301
8326,1992
8326,3576
8330,5778
8333,234
8335,2308
8335,4526
8336,389
8336,9654
8337,2291
8337,5051
8339,8671
8341,4916
8341,6009
8342,2007
8342,2482
8343,4067
8343,8138
8344,4150
8344,7229
8345,3944
8345,4205
8345,5586
8346,3995
8347,5858
8348,3591
8348,4131
8348,5213
8349,787
8349,3665
8349,3997
8349,7912
8349,9594
8350,152
8350,6291
8350,6960
8355,5346
8355,6400
8356,1912
8356,6510
8358,4099
8358,6227
8360,3916
8361,1275
8361,2186
8362,4070
8362,4895
8362,9036
8364,4340
8364,8414
8365,9379
8366,8224
8367,2770
8368,5593
8370,9528
8371,1601
8371,1895
8372,4849
8373,8746
8374,1238
8374,3471
8374,4204
8378,623
8378,2534
8378,5115
8380,1550
8380,5767
8384,4118
8385,260
8385,1942
8388,4534
8390,2738
8393,6656
8393,8242
8394,3440
8397,8975
8398,3801
8400,6198
8401,977
8401,4495
8402,126
8403,9640
8404,62
8406,8570
8407,6965
8408,4088
8408,4297
8410,352
8413,8686
8414,8364
8415,5694
8418,3819
8419,1679
8420,5679
8421,9513
8422,4771
8427,715
8429,6312
8432,6851
8436,5495
8438,1336
8440,208
8441,5777
8443,847
8444,8287
8446,6003
8446,6518
8449,6759
8449,9273
8451,5551
8451,6128
8453,3129
8456,5045
8458,6329
8458,7196
8459,1796
8460,7554
8461,2346
8462,8894
8463,4795
8463,9817
8464,1774
8467,3698
8467,6022
8468,8149
8470,565
8470,788
8470,4483
8471,4068
8471,4917
8472,5523
8474,8879
8475,2407
8476,3023
8476,5905
8477,6253
8479,2655
8480,1884
8480,5033
8480,6409
8481,5616
8482,6856
8484,4712
8484,5809
8485,4169
8486,2539
8487,1619
8488,4189
8488,4574
8488,7718
8490,9764
8493,4607
8494,3107
8495,9937
8497,4611
8498,259
8499,5465
8499,7925
8500,5782
8501,6827
8503,3636
8504,2859
8505,2615
8505,2700
8506,112
8506,2524
8506,2687
8507,2248
8508,5314
8512,6014
8512,6395
8513,8222
8514,1912
8514,2482
8514,3648
8516,1638
8517,7107
8518,723
8519,2532
8520,6021
8521,3333
8521,4567
8527,2069
8527,8172
8529,138
8529,6300
8530,4967
8531,372
8531,2938
8534,2455
8534,4188
8536,7431
8536,9544
8538,1380
8538,5202
8538,5932
8538,6128
8538,6421
8540,9215
8542,4468
8542,7513
8545,1205
8545,6768
8545,8556
8545,9206
8547,3366
8548,1824
8548,2925
8548,7446
8549,3839
8549,4783
8549,7929
8549,8656
8549,9123
8550,2123
8551,1363
8551,6039
8552,4945
8553,7881
8553,8829
8555,1604
8556,3806
8556,6934
8556,8545
8559,6003
8559,8076
8560,815
8563,8596
8564,2677
8568,1241
8570,1297
8570,8406
8571,7103
8572,1754
8572,9101
8573,354
8576,1987
8578,213
8579,4539
8580,3943
8581,1504
8583,3065
8584,5362
8584,7333
8586,4051
8587,1630
8587,1710
8588,3583
8588,6200
8589,11
8589,6359
8589,7888
8589,8900
8591,1723
8591,3852
8593,6883
8594,801
8594,6931
8595,8934
8596,8563
8597,1159
8598,4482
8599,9348
8600,3002
8600,3038
8601,4433
8601,6120
8601,9181
8602,4099
8603,4220
8603,4727
8604,2571
8605,9213
8607,8928
8608,2218
8608,9662
8609,7003
8610,626
8611,4132
8611,5949
8612,6481
8612,9698
8617,3340
8617,3364
8617,5106
8618,342
8618,8021
8619,2582
8619,3358
8619,6900
8619,7483
8620,5445
8620,8725
8621,9899
8623,3777
8623,5984
8626,5497
8626,9278
8627,2622
8634,3293
8637,2597
8640,435
8640,6686
8645,7704
8647,720
8647,5794
8647,6302
8649,6383
8651,5333
8651,6158
8651,7027
8651,9755
8652,5230
8655,6674
8656,1204
8656,8549
8659,6665
8661,5827
8661,8693
8662,9908
8663,5528
8668,4943
8668,9389
8670,1479
8670,2617
8670,3905
8670,5539
8671,8339
8674,8748
8675,7334
8676,51
8679,1571
8679,4369
8682,8890
8682,9039
8683,7741
8684,5257
8685,8808
8686,5104
8686,8413
8687,139
8688,2768
8689,2401
8689,7260
8693,8661
8697,134
8698,9447
8701,1402
8703,873
8706,6143
8707,4810
8708,885
8709,4593
8709,7811
8710,7948
8711,758
8711,1592
8711,3975
8713,6308
8714,3383
8717,791
8720,6616
8723,1162
8723,1930
8724,2201
8725,4974
8725,8620
8728,951
8728,7663
8729,194
8729,2612
8733,9904
8734,918
8734,7697
8736,4027
8737,9389
8738,9270
8739,6113
8740,2919
8740,6271
8742,8871
8745,2729
8746,475
8746,694
8746,8373
8746,8939
8747,4795
8748,5879
8748,8674
8749,5609
8749,9728
8749,9904
8756,637
8757,4088
8760,7299
8761,268
8761,7314
8763,2444
8763,6241
8764,5903
8764,6126
8767,6836
8767,8977
8772,2784
8774,4180
8774,6874
8779,1980
8780,7539
8781,5918
8781,8282
8782,8108
8784,815
8784,9704
8787,9747
8789,9314
8792,9894
8793,3038
8793,4282
8793,5249
8794,103
8794,5747
8798,3533
8799,2267
8799,6446
8801,2085
8803,4238
8804,1476
8805,5497
8808,8685
8812,2304
8813,6106
8813,7724
8815,4836
8816,1509
8816,1621
8816,6156
8816,8209
8818,6856
8818,8242
8819,4817
8819,6013
8821,9210
8822,1833
8823,7597
8829,3189
8829,8553
8831,2756
8831,6840
8832,907
8833,3139
8834,6923
8834,7661
8836,5536
8837,247
8839,4259
8842,7543
8842,9669
8844,5610
8844,5806
8847,9655
8850,4982
8854,9707
8857,55
8857,5426
8858,1739
8858,3464
8858,5278
8860,1330
8860,7499
8861,5915
8862,7559
8863,1694
8863,6036
8864,5934
8867,1109
8868,3817
8868,6844
8868,7735
8870,260
8870,8916
8870,9024
8871,8086
8871,8742
8873,7515
8875,6974
8876,9656
8879,3390
8879,8474
8880,365
8882,3836
8883,2863
8883,6270
8884,557
8884,4050
8884,5111
8885,2469
8887,2444
8887,3277
8890,8682
8891,7
8892,954
8894,8462
8894,9999
8895,619
8895,5670
8896,6661
8898,267
8899,2650
8899,4980
8899,8146
8900,8008
8900,8589
8903,4950
8909,5356
8909,7316
8911,6125
8915,770
8915,2113
8916,8870
8918,4205
8918,7252
8920,4604
8922,5223
8923,7466
8925,1042
8926,4118
8926,8265
8927,2586
8928,8607
8929,1487
8929,6855
8929,7380
8931,4213
8933,2989
8934,7218
8934,8595
8936,878
8936,6205
8937,5155
8939,8746
8940,7347
8941,9433
8942,1702
8942,3988
8943,8295
8946,7089
8947,2512
8948,3492
8949,3088
8952,7375
8953,5420
8953,5754
8953,9064
8955,523
8955,5024
8955,9144
8958,5677
8959,185
8961,1901
8965,7369
8966,2144
8966,5897
8966,7026
8967,8247
8969,3411
8970,7565
8972,3336
8972,3386
8972,6986
8973,681
8973,2689
8973,7606
8974,6997
8975,5249
8975,8397
8977,4705
8977,8767
8977,9237
8978,4669
8978,5717
8979,1494
8979,7020
8981,5815
8983,4173
8985,2949
8985,7527
8986,935
8986,4835
8986,6074
8987,521
8987,2729
8988,1448
8990,5418
8990,9401
8992,3515
8993,6399
8993,7090
8995,1878
8997,5367
8997,9850
8998,7712
8999,981
9000,1875
9000,7010
9003,9425
9003,9804
9004,1047
9004,2939
9005,2761
9006,4945
9008,3743
9008,6499
9009,9174
9010,1146
9010,5911
9012,323
9013,8239
9015,360
9015,369
9015,5256
9019,1635
9020,9932
9021,2182
9021,7221
9023,3700
9023,4769
9023,9748
9024,8870
9025,7346
9026,3175
9026,4056
9027,458
9027,6892
9029,57
9029,5263
9030,7177
9031,5031
9032,5196
9032,6294
9032,9599
9033,8266
9034,3207
9034,7899
9035,7475
9036,487
9036,8362
9038,4660
9038,4950
9039,8682
9040,2642
9041,111
9042,5086
9042,7858
9049,6916
9049,9744
9050,273
9051,1751
9051,4184
9051,8100
9053,6023
9053,7286
9054,704
9054,4993
9056,1667
9056,4281
9059,1013
9060,1444
9061,9248
9064,527
9064,736
9064,8953
9064,9620
9068,920
9068,3245
9073,2753
9074,5229
9075,9640
9077,2584
9082,6584
9083,8014
9083,9952
9084,2036
9084,4559
9085,7420
9087,3076
9087,6707
9088,3105
9088,5998
9089,82
9093,1164
9093,4061
9095,2208
9095,7146
9096,2542
9098,350
9101,8242
9101,8572
9103,21
9103,9993
9104,2936
9104,7951
9108,406
9108,6698
9109,2772
9110,4467
9110,7240
9111,7652
9111,9529
9113,5975
9113,7812
9115,7653
9116,6652
9117,2118
9118,4011
9120,8044
9122,7139
9123,8549
9125,9902
9126,7612
9130,7451
9131,2892
9131,3508
9131,9388
9132,9241
9134,1907
9134,4808
9136,3636
9136,5597
9140,2647
9141,6938
9144,1071
9144,8955
9147,375
9150,1024
9152,9571
9154,4566
9155,3991
9155,5137
9156,7465
9157,3332
9158,7487
9160,457
9161,3997
9161,9887
9162,9420
9166,662
9166,4376
9166,5999
9166,7796
9168,5990
9169,1352
9171,2667
9171,7251
9171,9200
9172,845
9172,5234
9172,8036
9174,3353
9174,9009
9175,9448
9177,9457
9179,689
9180,5678
9181,8601
9183,6151
9185,7621
9187,9810
9188,3578
9191,1623
9191,3670
9191,3715
9195,1581
9195,3454
9196,581
9196,3074
9197,4404
9197,6512
9198,1848
9198,5691
9199,7365
9200,1505
9200,9171
9202,2765
9203,1135
9203,5098
9203,8241
9204,3207
9205,8291
9206,1697
9206,8545
9207,8081
9209,6178
9210,8821
9212,5848
9213,1731
9213,8605
9215,8540
9216,4903
9216,6830
9217,4716
9218,619
9219,3377
9219,4353
9222,251
9223,4493
9225,402
9226,2114
9227,8236
9228,822
9228,1537
9228,4343
9233,4272
9235,583
9235,3603
9236,337
9237,8977
9237,9602
9238,689
9239,45
9239,6605
9241,788
9241,9132
9243,2240
9244,210
9244,2042
9245,7641
9247,4647
9248,3398
9248,9061
9250,7391
9254,9741
9255,3260
9255,5582
9256,7504
9258,789
9259,4647
9261,1882
9261,4545
9262,7560
9263,4474
9266,5251
9268,7463
9270,8738
9271,1874
9271,5676
9272,2662
9272,4559
9272,7039
9272,8284
9273,8449
9274,9536
9276,1402
9277,127
9277,2195
9277,6852
9278,8626
9280,5468
9283,106
9283,7703
9285,3079
9288,7073
9289,3694
9289,3706
9290,2386
9294,5244
9295,636
9299,4399
9299,7932
9300,2130
9300,8087
9301,557
9301,1911
9302,649
9303,6530
9304,1689
9304,5963
9305,5865
9305,6376
9308,4187
9308,6308
9310,4556
9311,3419
9312,5095
9312,9536
9314,4988
9314,6735
9314,8789
9315,883
9319,2853
9319,5299
9320,1261
9321,6609
9322,4813
9322,8001
9324,3982
9325,824
9325,9449
9327,3999
9327,5188
9328,2155
9328,8104
9329,266
9329,5928
9331,5452
9331,7845
9332,3857
9333,8257
9334,2062
9335,251
9335,4229
9337,4938
9341,1181
9342,8094
9343,3295
9347,3602
9348,6006
9348,8599
9349,8231
9353,858
9354,9617
9355,7625
9355,7882
9356,4752
9358,2220
9358,3590
9359,7987
9360,5777
9362,5850
9364,2187
9371,9663
9372,5953
9373,6945
9374,7806
9375,5651
9379,8365
9380,2619
9380,2819
9380,4462
9380,7773
9385,4133
9388,5200
9388,9131
9389,4519
9389,5237
9389,8668
9389,8737
9391,8036
9395,1265
9395,5646
9396,533
9396,2088
9397,2076
9400,31
9401,8990
9403,2401
9403,7838
9405,4064
9406,6885
9407,614
9407,5895
9407,8168
9408,3071
9408,7269
9409,3042
9409,3350
9409,4044
9409,5173
9411,7776
9413,5840
9414,8028
9415,5685
9415,8276
9416,1065
9420,9162
9422,7997
9424,2714
9425,9003
9427,1278
9427,4748
9428,3437
9428,7276
9429,1882
9429,2060
9429,7947
9431,1227
9431,2518
9433,1289
9433,2816
9433,5766
9433,8941
9434,2627
9436,8293
9437,8200
9438,4074
9438,9453
9439,1846
9440,2140
9443,4761
9443,7814
9444,2963
9444,4723
9447,6297
9447,7117
9447,8161
9447,8698
9448,3320
9448,9175
9449,1300
9449,1916
9449,9325
9451,2720
9452,7201
9453,5562
9453,9438
9455,1203
9457,2656
9457,9177
9458,1240
9459,1526
9461,1611
9461,3971
9466,5640
9468,7011
9469,2406
9470,9553
9470,9917
9476,7389
9477,2688
9477,8112
9480,1181
9480,5324
9481,625
9485,4911
9487,6766
9491,5240
9492,2629
9493,1052
9493,5272
9494,6306
9495,4584
9496,1098
9496,5940
9497,5728
9498,8322
9499,6965
9500,1594
9500,2862
9503,166
9503,625
9503,2011
9505,7654
9506,5729
9507,5879
9507,7549
9507,8304
9508,5184
9510,5047
9512,95
9513,8421
9515,651
9515,2474
9515,6113
9517,7175
9518,9579
9521,2921
9525,5612
9527,6455
9528,8370
9529,3290
9529,7662
9529,9111
9530,5003
9530,5081
9532,4004
9533,3549
9533,6751
9536,9274
9536,9312
9540,7092
9542,3554
9543,6280
9544,6753
9544,8536
9546,914
9548,5069
9549,7918
9550,6039
9550,8095
9552,1185
9552,3573
9553,3566
9553,9470
9557,2223
9558,1688
9558,5505
9559,899
9559,5458
9559,6000
9564,3182
9566,2611
9566,4524
9566,7023
9566,8005
9567,3658
9567,7008
9568,1648
9568,4176
9568,4633
9570,2058
9571,3661
9571,7142
9571,7752
9571,9152
9572,123
9574,7988
9577,1644
9578,7204
9579,4063
9579,9518
9580,4583
9580,7116
9581,2717
9581,8004
9582,559
9582,5599
9585,8312
9586,6560
9591,543
9591,627
9592,5209
9594,4479
9594,8349
9595,4031
9597,4059
9598,5876
9598,6320
9598,6815
9598,7471
9599,7661
9599,9032
9600,4401
9601,909
9601,5194
9602,1421
9602,9237
9603,3403
9604,589
9604,1774
9604,6267
9605,4272
9606,6455
9607,3226
9610,748
9610,755
9610,7636
9610,8174
9611,677
9611,5071
9611,5279
9612,5493
9614,544
9616,3568
9617,1741
9617,9354
9618,273
9618,7504
9619,1281
9620,5184
9620,9064
9622,497
9623,2189
9623,6124
9625,734
9625,5439
9625,6390
9627,3022
9627,6347
9627,8139
9631,7901
9632,369
9634,2090
9634,7709
9636,2970
9637,6585
9638,7664
9639,2326
9640,8403
9640,9075
9641,2826
9642,322
9643,2848
9643,4461
9644,7874
9646,1904
9646,5247
9647,8252
9648,4988
9651,3296
9651,4230
9654,8336
9655,8847
9656,8876
9657,2051
9658,9799
9660,155
9661,761
9661,5249
9662,6189
9662,8262
9662,8608
9663,9371
9665,2471
9665,3753
9665,5940
9667,1345
9669,1882
9669,2877
9669,8842
9670,3802
9672,2337
9672,4959
9673,103
9673,4268
9677,7311
9678,5708
9678,7847
9681,4033
9682,3097
9682,7216
9684,5266
9685,7034
9686,936
9688,4520
9688,4765
9688,5230
9689,1213
9689,7632
9692,1299
9692,3884
9692,5890
9694,1810
9695,2259
9695,5368
9696,5508
9697,5541
9698,8612
9699,2505
9701,167
9701,1035
9701,2949
9703,2048
9704,4025
9704,8784
9705,7202
9707,927
9707,7281
9707,8854
9711,4999
9711,5975
9712,690
9712,1385
9713,2284
9713,2383
9713,4117
9719,782
9719,1492
9719,6335
9720,2505
9721,5959
9722,1716
9722,6068
9725,6112
9727,6210
9727,6402
9728,4742
9728,5012
9728,8749
9728,9837
9729,3368
9730,5467
9730,6031
9730,8181
9730,9803
9730,9954
9731,7208
9732,3013
9736,3185
9736,4575
9739,3147
9740,6398
9741,3367
9741,9254
9742,7028
9744,9049
9745,1461
9745,1726
9745,2695
9747,5550
9747,8787
9748,9023
9752,839
9754,1716
9754,1794
9755,2108
9755,5213
9755,8651
9757,3018
9757,9810
9758,3743
9759,3089
9760,7690
9761,174
9761,3562
9762,5290
9762,5850
9764,3148
9764,3809
9764,8490
9765,626
9766,7677
9766,7822
9766,8260
9768,6100
9770,319
9770,2626
9770,4581
9770,6571
9771,3008
9771,3468
9772,7560
9773,5610
9773,6298
9773,8237
9774,872
9774,5193
9775,4662
9776,2798
9779,259
9780,3762
9780,6694
9784,5526
9786,3386
9786,3957
9786,5467
9787,3693
9788,12
9789,985
9790,2867
9792,954
9792,4331
9793,6679
9795,75
9795,1793
9795,2205
9797,688
9797,7085
9798,722
9799,1934
9799,9658
9800,2234
9803,9730
9804,9003
9805,5372
9810,3382
9810,9187
9810,9757
9812,5906
9812,6118
9815,2604
9816,4652
9817,8463
9819,215
9821,7435
9822,1632
9823,1530
9824,1633
9824,5611
9825,1172
9828,300
9828,2745
9828,4268
9828,8011
9830,5976
9830,6006
9831,330
9833,2415
9836,1192
9836,2329
9837,2062
9837,4715
9837,9728
9838,8107
9839,4689
9841,1713
9841,3487
9842,4244
9842,7745
9845,7530
9845,7554
9846,7956
9847,2069
9847,2331
9849,2908
9850,4599
9850,6105
9850,8997
9852,8065
9853,1298
9854,6396
9856,2827
9857,4790
9857,7863
9858,3572
9859,750
9859,7408
9860,6814
9862,4889
9862,4962
9864,3907
9864,5815
9864,8172
9866,374
9866,4651
9867,5216
9867,7215
9867,8103
9868,3003
9869,112
9870,1410
9870,5689
9870,6752
9872,5241
9872,7502
9873,3809
9873,4518
9877,3637
9877,4384
9878,4391
9880,5375
9880,6777
9882,1688
9884,1732
9884,8296
9885,196
9887,3638
9887,9161
9888,5722
9889,1094
9889,5785
9890,4330
9891,2346
9891,3692
9891,8315
9892,3785
9893,5770
9894,1131
9894,8792
9895,1324
9895,3990
9895,6058
9895,7274
9895,7925
9896,9984
9897,425
9898,791
9898,1598
9899,8621
9900,5589
9902,9125
9903,7062
9904,406
9904,7536
9904,8733
9904,8749
9905,3712
9906,822
9908,275
9908,2058
9908,4517
9908,8662
9911,1548
9914,5802
9917,4699
9917,9470
9920,3235
9921,7438
9921,7505
9924,373
9925,5399
9925,6315
9927,32
9927,406
9928,1161
9931,6357
9932,9020
9937,2139
9937,2164
9937,8495
9938,7197
9940,7081
9940,8155
9941,1328
9943,2341
9943,3283
9944,2019
9945,3455
9945,4982
9945,5512
9950,1357
9952,9083
9954,9730
9955,3301
9956,8206
9957,2956
9960,1379
9960,3549
9960,7160
9962,2860
9963,3662
9963,4658
9964,3025
9966,199
9967,573
9967,4679
9968,7941
9969,3280
9970,3684
9970,6928
9970,7485
9972,7686
9973,7863
9975,934
9980,7499
9982,3292
9982,6722
9984,8098
9984,9896
9985,1296
9985,5994
9985,6158
9990,3658
9993,9103
9994,608
9998,3806
9999,8894
