10000,8960
0,760
0,5207
0,6448
2,9542
4,5185
4,9956
5,8979
6,6811
7,6883
8,7210
8,8707
9,2471
11,2101
12,623
12,6632
12,9103
13,691
13,1299
14,159
14,1220
15,7530
15,8423
16,4126
17,8686
21,2625
21,4854
22,2722
22,8280
23,4080
27,3815
28,1502
31,4332
32,1925
32,4164
33,6174
34,5091
34,9476
38,3078
39,5331
40,4632
41,4115
41,4139
43,5147
44,3553
44,4466
44,8026
46,8483
46,9431
47,5103
48,2610
49,6896
50,2978
51,660
51,3004
52,4710
52,9063
54,4712
56,3882
56,8450
57,4601
57,8162
58,4333
59,4861
59,8034
60,1887
61,4828
62,7261
64,9397
65,8906
65,9885
66,7333
69,4633
69,7374
70,1403
70,4443
71,304
71,3346
72,5187
77,6376
87,5488
87,6949
87,8933
88,899
90,6106
90,7259
93,300
94,615
94,1843
96,9870
97,7971
100,4473
102,526
105,8069
105,8507
105,8853
106,8020
107,4348
108,9830
109,6392
113,759
113,2831
114,2256
114,8267
114,9983
117,7794
117,9921
120,8071
120,8824
121,4963
124,2657
128,9004
129,3549
130,9108
131,5346
131,7375
134,5193
138,8267
139,5065
142,4767
143,2533
143,9652
144,5637
147,2106
149,937
154,6241
155,5903
156,1367
156,5344
158,2879
158,6470
158,8719
159,14
161,3032
161,4808
161,6150
161,6827
161,9730
162,7786
162,8787
163,4319
166,4762
166,9559
167,6777
168,1420
171,4793
174,5358
176,5411
177,4258
177,7640
178,9621
179,4908
181,3594
182,1541
184,4430
184,6685
184,8575
185,1596
185,4521
186,5586
186,8754
186,9268
188,4713
188,7991
189,1510
189,9974
190,4230
191,1925
192,587
192,7344
192,9289
193,6432
194,4228
194,6969
194,9609
196,422
197,594
198,1333
199,8357
201,3270
201,9203
202,2424
202,6688
203,7980
204,756
204,7581
204,9059
208,6186
208,7092
210,6996
210,7335
211,2444
211,5387
211,5717
211,7729
212,5472
214,4292
215,9863
216,2709
217,4511
223,982
224,1537
225,9138
225,9954
230,981
232,1161
235,2402
235,5126
235,9691
236,4649
238,8215
239,2485
239,7162
240,1070
240,7799
243,6795
244,6182
245,1935
246,2018
247,1024
247,1871
247,3990
247,4819
248,1155
252,3004
253,5140
253,7711
255,5325
257,3811
259,3895
259,7856
261,9967
262,5652
262,7645
263,6236
266,8748
268,2543
269,9381
270,6390
271,4577
271,6308
274,1747
274,8638
277,1497
278,8665
279,3981
279,4691
281,3788
285,4701
285,9000
287,2795
288,8840
288,9583
289,479
289,7615
290,7475
291,9485
292,1008
292,6321
293,2758
293,8407
294,1539
295,1625
295,3355
300,93
300,9006
302,7956
304,71
304,8711
307,2693
307,5335
309,328
309,523
310,4398
313,5541
314,9184
315,5550
316,998
317,4356
319,1362
320,5414
321,2736
321,9399
322,7279
324,640
325,4676
328,309
328,2677
328,3476
328,9106
328,9476
329,1197
329,2685
333,6160
334,1993
334,4032
334,9999
336,2775
337,3215
338,8116
338,9217
340,2455
340,3842
340,8093
342,2170
342,8216
343,1454
343,4711
346,6257
350,3542
353,6449
356,3930
359,459
360,5717
360,8341
360,8821
361,3832
361,3958
363,860
365,6674
366,5059
366,8696
369,3204
370,1995
370,8661
379,409
379,6274
384,8611
385,4632
387,7994
387,9247
389,8030
390,3590
390,8493
391,7798
391,8975
392,7899
393,5411
393,7131
395,2027
395,5712
395,6314
396,7292
396,7586
397,5809
399,6417
400,716
401,6230
402,7052
402,9048
404,699
406,5873
407,1493
409,379
410,6949
411,8493
413,3599
415,3566
415,7711
416,693
417,3281
417,8578
419,4241
419,7673
422,196
422,9923
427,1930
427,9571
428,2538
428,2585
428,2779
428,8006
429,3849
430,9326
432,6415
433,6713
434,4288
434,6233
437,4730
438,1413
441,4272
442,4607
445,3511
445,9658
446,5588
454,4573
455,6710
457,6390
459,359
459,6883
460,8715
463,1916
463,5158
464,7546
466,2033
466,6204
469,7241
470,4251
470,9166
471,2498
471,6991
472,5713
472,6359
472,8765
475,1863
475,9879
476,7488
476,9956
477,5841
477,9502
479,289
480,834
482,9679
484,1930
486,9747
487,5795
489,728
491,4385
492,2511
492,4896
493,7627
497,5561
499,3165
500,7008
502,3869
504,6842
507,2680
508,5863
512,3855
514,8741
514,8967
518,1652
519,622
519,1470
521,1644
521,2734
523,309
525,6869
526,102
527,6587
528,4531
531,3985
532,8586
542,4310
543,8302
544,2905
544,9792
545,5383
545,9522
547,3064
547,8740
548,8187
549,7986
550,2272
550,2890
552,3834
553,4633
556,7397
556,9620
557,4477
557,5060
558,3299
562,2024
562,6050
564,1297
564,5499
567,3448
567,5091
570,9073
571,9405
573,6331
575,4981
577,1367
577,3209
577,6368
578,2185
578,9869
580,1328
580,6411
584,4589
586,795
586,1086
587,192
588,4537
591,6286
591,9313
592,2945
593,2833
594,197
594,3290
594,3510
595,8015
598,3978
599,6410
600,6204
602,8931
607,4889
609,9196
610,3124
612,2817
614,7569
615,94
615,3562
616,9946
617,5991
620,9229
622,519
622,995
622,2440
623,12
623,6061
624,1253
624,1986
624,8002
625,980
625,2120
625,5197
626,5596
627,8985
628,5106
628,7646
634,6109
634,6428
637,4817
640,324
642,2537
648,1112
649,918
649,2187
649,2896
649,7117
650,4709
650,9583
654,2798
655,4727
656,2603
658,3645
659,5448
659,6682
660,51
662,3767
663,4524
664,5602
665,5808
665,8936
666,682
667,975
667,1247
668,5090
669,8362
669,8750
669,9788
670,1263
670,3368
670,7351
671,6514
673,1542
675,9142
676,6417
677,2221
678,3026
678,7673
679,4067
680,6103
680,8775
681,7977
682,666
682,9957
686,4559
686,7998
687,1583
687,4489
687,8633
690,4325
690,9257
691,13
691,926
691,4243
691,5872
691,8192
693,416
693,3324
695,5797
697,3629
699,404
699,4856
700,1897
701,7893
701,9678
702,8797
704,8313
705,5820
705,6574
705,7381
705,8936
707,1717
707,2654
707,4035
707,4851
707,5976
708,778
708,8978
713,1862
713,5657
714,826
716,400
716,1095
716,6198
717,4552
717,6182
720,6435
721,2215
725,8559
726,7371
728,489
730,8926
731,5451
732,5952
733,8479
735,3540
736,2295
737,8333
738,5679
740,2153
740,7540
741,7586
744,2689
749,2447
750,3353
751,1997
751,5615
752,7432
754,1921
755,1760
755,4758
755,6996
756,204
756,9762
757,2872
758,6814
758,8959
759,113
759,5161
760,0
760,935
760,9518
761,4897
761,5913
761,8112
764,3807
764,4295
764,5152
765,983
766,2755
767,8932
770,6851
772,6223
772,7403
773,6737
774,2823
775,7803
778,708
778,1548
779,4751
781,1963
781,3850
782,6294
784,951
784,9750
787,4671
788,3905
791,6751
795,586
795,1303
795,9906
796,2892
798,9614
801,1696
801,4332
803,4150
804,5577
806,1897
807,2299
808,7806
809,962
810,936
810,8232
811,3090
812,8414
814,8366
814,9663
814,9764
816,2754
817,833
817,1346
817,6248
820,5741
823,9872
824,9784
825,6078
826,714
826,3487
829,2628
829,4565
829,7546
829,9378
830,9737
832,7030
833,817
834,480
834,4062
834,8142
835,5962
835,6828
835,7235
836,2041
836,2349
841,2313
841,7231
843,5082
844,4148
846,5854
848,3744
848,8832
848,9091
849,8045
850,3465
850,7394
852,3194
857,6234
858,4550
858,9705
860,363
863,4711
863,8255
864,5802
864,6310
868,5550
875,6756
877,2273
877,5393
880,7289
881,5334
883,3850
883,5850
883,8726
884,2040
884,4373
885,3732
886,3620
887,7433
889,7770
889,8626
891,7903
892,3507
892,9022
895,3996
896,7507
897,2128
898,4315
899,88
899,8289
899,8690
900,9890
901,5297
902,1657
904,3194
905,3889
905,5576
906,8804
907,2223
907,8792
908,3601
911,6610
912,5349
912,9788
914,4991
918,649
918,7435
919,9864
920,8546
921,9163
922,9648
923,6261
924,5869
926,691
926,1096
927,3081
927,5166
927,7288
930,7653
931,2818
931,7223
933,5686
934,8819
935,760
936,810
936,7513
937,149
937,3296
938,6610
940,1125
940,2473
940,3788
941,1108
941,2663
941,6000
942,2381
944,9412
945,6249
946,3757
948,6971
948,6976
948,7669
949,8390
951,784
952,4194
953,3764
954,7083
956,1044
956,9679
958,1866
959,4262
961,4779
961,7817
962,809
962,3824
962,5412
963,2513
963,3787
964,8338
969,2178
969,2994
970,4723
971,7269
972,3293
973,3147
974,3983
975,667
975,4626
975,5416
977,1514
979,1460
979,8384
980,625
981,230
981,3358
981,3544
982,223
982,1811
982,7895
982,8845
983,765
983,8814
984,3992
985,1807
988,7130
989,4758
995,622
995,3044
996,5827
997,5307
997,7742
998,316
998,3089
1000,5261
1000,8484
1003,9937
1006,4851
1006,9072
1007,1594
1008,292
1008,7234
1009,1154
1010,2628
1010,7845
1010,9413
1011,7617
1012,1788
1012,3857
1012,9399
1015,7025
1016,4149
1018,5962
1019,2229
1019,5921
1021,6385
1024,247
1024,8661
1027,2022
1027,7092
1029,4392
1029,7317
1029,9476
1030,7685
1031,5324
1032,9179
1032,9429
1033,1833
1033,6087
1034,1533
1035,2061
1035,3462
1036,7529
1037,4527
1037,6159
1039,5377
1040,7111
1042,6886
1043,5283
1044,956
1044,8765
1045,6875
1046,4481
1048,6547
1049,7903
1049,9846
1051,3354
1052,9275
1053,1159
1053,3414
1054,8461
1055,3144
1055,3294
1055,4842
1056,9182
1057,6667
1058,3028
1058,4432
1060,2049
1065,9250
1066,7803
1067,6826
1069,4125
1070,240
1070,3943
1071,8922
1072,1653
1075,5856
1076,4191
1076,7229
1077,7263
1077,9996
1078,8912
1078,9932
1081,7605
1084,7780
1085,5582
1086,586
1088,6437
1091,6904
1092,4275
1094,5425
1095,716
1095,4814
1096,926
1099,8853
1100,5590
1100,5786
1101,1513
1105,6348
1107,7158
1108,941
1108,3993
1108,8833
1109,3329
1109,7497
1110,1990
1111,4580
1111,5454
1112,648
1113,2168
1113,4723
1114,5905
1114,7470
1115,3138
1115,9329
1117,7933
1118,4649
1125,940
1127,2072
1127,2635
1127,8418
1128,5243
1129,5491
1132,2940
1135,7610
1136,4492
1136,9864
1140,3379
1141,7737
1144,5356
1144,6274
1144,7961
1147,3880
1149,4250
1150,1175
1150,4594
1151,7314
1151,9746
1152,4072
1153,5804
1154,1009
1154,3578
1155,248
1155,4594
1156,8580
1158,1200
1159,1053
1160,3638
1161,232
1162,5536
1162,6944
1164,7930
1165,1284
1165,7827
1166,6800
1166,8636
1170,1706
1170,2024
1174,3285
1175,1150
1176,5817
1178,8416
1179,3276
1180,8579
1182,7112
1184,5162
1184,8282
1185,2679
1185,7076
1186,2753
1186,8605
1187,3795
1190,1494
1191,1416
1192,7392
1192,9112
1193,5205
1193,7517
1197,329
1197,5333
1199,7009
1200,1158
1200,5918
1200,6864
1201,8219
1203,5733
1204,1476
1206,9160
1208,1902
1208,6028
1212,4130
1212,7130
1215,1924
1215,6446
1215,9480
1217,4572
1217,5117
1218,8833
1218,9679
1220,14
1220,3013
1221,3138
1222,7298
1224,3357
1224,5850
1224,8248
1225,5483
1227,1771
1228,5269
1229,8064
1231,1523
1231,3455
1234,2901
1236,8731
1237,2940
1239,4293
1243,9487
1245,4813
1245,4824
1246,3070
1246,3105
1246,9294
1247,667
1247,4296
1247,6899
1249,8322
1251,7118
1252,2463
1252,5096
1253,624
1253,8798
1255,1906
1255,5225
1255,9555
1256,8707
1256,8768
1258,7414
1261,6582
1262,8365
1263,670
1264,6656
1266,2439
1268,6067
1269,5655
1269,6983
1270,6111
1271,1500
1273,7661
1274,8779
1278,5946
1281,6133
1281,8880
1283,1513
1283,2051
1283,8068
1283,9100
1284,1165
1284,9222
1285,8453
1287,2419
1289,2621
1289,5462
1289,6027
1289,8364
1289,8369
1289,8997
1291,6397
1292,7361
1293,6676
1295,8247
1295,8730
1296,3064
1297,564
1298,6271
1298,7050
1299,13
1300,4742
1301,3677
1303,795
1304,2622
1304,8852
1307,7815
1310,7286
1311,2935
1313,4825
1314,5884
1315,1621
1315,2996
1315,8838
1318,1826
1319,5170
1320,7717
1321,9162
1323,3167
1324,3083
1324,5389
1324,7940
1325,1674
1325,8377
1325,9168
1326,7675
1328,580
1328,4459
1328,5200
1330,6884
1333,198
1333,2053
1334,1900
1334,7050
1336,2708
1337,9113
1339,9857
1341,3299
1346,817
1347,9988
1350,4669
1350,5882
1350,9166
1351,2338
1352,2533
1354,7988
1355,6145
1356,1550
1357,2153
1359,5501
1359,9675
1360,4464
1360,4485
1362,319
1362,7384
1364,3618
1367,156
1367,577
1368,1849
1368,7465
1368,9129
1369,1392
1370,9080
1376,3075
1376,8634
1379,3131
1379,5208
1379,9097
1380,6014
1381,8859
1382,5295
1384,5342
1384,6464
1384,8569
1384,8947
1387,1400
1387,2754
1387,9997
1389,2666
1390,2869
1391,2410
1392,1369
1394,2360
1395,4252
1396,3806
1397,9298
1398,8179
1399,7364
1400,1387
1400,4347
1400,8794
1401,6861
1403,70
1403,6540
1404,4023
1406,2431
1407,5119
1407,6699
1408,6452
1410,6459
1411,6517
1412,6268
1413,438
1415,3950
1415,4782
1415,5812
1416,1191
1416,3922
1418,7874
1419,4584
1419,9206
1420,168
1420,6856
1420,9943
1422,4507
1423,6650
1424,1963
1425,8321
1430,7932
1431,4272
1431,8844
1435,6882
1435,8076
1440,5862
1444,5930
1447,8458
1448,7453
1449,4497
1451,9325
1452,2430
1452,7068
1454,343
1456,5923
1460,979
1461,8300
1462,5170
1463,3583
1463,6771
1470,519
1470,1976
1470,3464
1471,4112
1472,9941
1475,9828
1476,1204
1476,5058
1477,2232
1477,4948
1480,3748
1481,1602
1483,4102
1484,8638
1487,1599
1489,6661
1490,3766
1492,8756
1493,407
1493,3238
1493,4951
1494,1190
1494,5482
1494,9495
1496,6565
1496,9149
1497,277
1499,7258
1500,1271
1501,7668
1501,8949
1501,9238
1501,9897
1502,28
1502,4050
1502,9383
1502,9852
1503,7998
1504,1880
1504,8181
1505,2793
1506,9102
1507,5061
1507,9695
1508,9961
1509,7391
1510,189
1511,4209
1513,1101
1513,1283
1514,977
1514,2510
1514,3766
1514,7196
1515,9324
1516,7116
1516,8754
1517,3159
1517,5064
1517,9089
1518,2936
1518,4453
1519,4439
1523,1231
1523,4316
1525,2896
1525,5435
1525,8740
1526,5387
1527,3005
1527,9790
1528,3922
1529,9304
1530,3000
1530,7925
1532,9574
1533,1034
1533,4251
1533,7291
1535,2131
1535,4377
1535,8322
1536,4545
1536,7566
1537,224
1537,5523
1539,294
1540,1656
1540,7824
1540,8862
1541,182
1542,673
1543,2681
1543,5382
1543,7175
1544,3469
1544,8649
1545,3554
1545,7388
1547,9359
1548,778
1550,1356
1551,8688
1557,3151
1558,5331
1558,9952
1559,4489
1559,4871
1561,2259
1562,7014
1564,1638
1567,6606
1569,5027
1569,8401
1573,5645
1573,6344
1574,4066
1574,7180
1575,6945
1578,5749
1580,4829
1580,9949
1581,2375
1582,5602
1583,687
1583,3486
1586,3341
1586,4322
1586,5047
1586,5964
1588,2568
1589,3270
1592,2093
1592,2589
1592,3295
1593,1753
1594,1007
1595,9785
1596,185
1599,1487
1599,8747
1600,4578
1600,7578
1601,8912
1602,1481
1602,3053
1603,6301
1604,8708
1604,8809
1605,5481
1607,3482
1608,2881
1613,4806
1614,7825
1616,2571
1616,5614
1617,5553
1617,6395
1619,5831
1620,9482
1621,1315
1625,295
1628,8926
1630,6863
1630,7392
1632,4415
1632,5107
1632,8095
1633,7221
1637,3970
1637,4126
1637,5938
1637,6900
1638,1564
1638,3189
1638,8457
1638,9199
1640,6536
1642,5298
1644,521
1645,1805
1645,8474
1646,8045
1648,9452
1649,1726
1652,518
1652,6776
1653,1072
1653,6134
1653,7255
1656,1540
1656,2080
1656,3296
1657,902
1659,3247
1661,2199
1662,6220
1664,9880
1666,4783
1667,8671
1668,4659
1668,9424
1674,1325
1674,5748
1674,6391
1678,2876
1679,8150
1680,4038
1683,3808
1686,8215
1687,5528
1687,6253
1687,7785
1688,7997
1689,8080
1689,9211
1691,4415
1693,6557
1694,2344
1696,801
1698,8648
1701,7884
1702,3711
1702,4334
1703,3126
1703,4299
1703,9905
1704,4914
1704,7076
1706,1170
1706,1844
1707,5579
1708,4344
1711,8839
1711,9430
1714,4626
1714,7464
1714,7715
1715,4783
1717,707
1717,2298
1718,8155
1721,7990
1722,2752
1722,5145
1723,1860
1723,6131
1723,7479
1724,4835
1725,6884
1726,1649
1726,8547
1727,7722
1728,3117
1728,5164
1729,1860
1731,1988
1731,3895
1733,7753
1737,5315
1738,9966
1740,9256
1741,3720
1741,4782
1747,274
1748,2908
1749,4550
1749,6080
1750,6138
1751,6110
1751,6247
1753,1593
1754,5854
1755,7326
1756,6044
1757,3304
1758,2198
1760,755
1760,7071
1762,9348
1763,5077
1768,4110
1768,5631
1768,7835
1769,4898
1771,1227
1771,6449
1771,7285
1771,7876
1775,2958
1776,6605
1779,9269
1780,2068
1782,4489
1782,8281
1785,8932
1787,3888
1787,6539
1788,1012
1788,5402
1789,2246
1792,1808
1793,4751
1794,8259
1796,4091
1796,8514
1797,9707
1798,4993
1798,5782
1798,6982
1799,8904
1801,3111
1801,5256
1802,8923
1802,9907
1803,3902
1803,6019
1804,5646
1805,1645
1805,2468
1805,3328
1806,4503
1807,985
1807,9177
1808,1792
1808,2147
1808,9385
1811,982
1811,5919
1811,6927
1812,6801
1814,4807
1815,1986
1815,2888
1818,6847
1820,3799
1821,4938
1821,8303
1825,5840
1826,1318
1826,2584
1827,4729
1828,5196
1830,7060
1833,1033
1833,2097
1835,7332
1839,8992
1840,8879
1841,3666
1842,5538
1842,6267
1843,94
1843,5922
1844,1706
1845,5659
1845,6606
1848,2621
1849,1368
1849,5220
1849,5724
1850,3132
1850,3671
1850,3721
1851,3348
1851,5012
1851,8095
1854,4872
1854,7123
1854,8944
1860,1723
1860,1729
1861,7405
1862,713
1863,475
1863,6301
1863,7750
1866,958
1866,7042
1867,6100
1867,6824
1867,7356
1868,2294
1868,5787
1869,7086
1869,9190
1870,9842
1870,9859
1871,247
1873,3406
1873,5804
1874,7404
1875,6419
1875,6830
1875,8396
1877,5239
1879,5567
1880,1504
1880,3010
1881,5429
1883,8112
1887,60
1889,5079
1890,3238
1895,6828
1896,8095
1897,700
1897,806
1897,5816
1898,4887
1898,7551
1900,1334
1900,2690
1902,1208
1902,7614
1902,8497
1904,4689
1906,1255
1906,3501
1906,3628
1907,8274
1908,9851
1910,3618
1911,6606
1912,3961
1913,7455
1914,6424
1914,7150
1915,2586
1916,463
1916,4151
1917,9094
1918,3819
1919,4246
1920,7028
1921,754
1921,4847
1921,9409
1922,7629
1922,7984
1924,1215
1924,2124
1925,32
1925,191
1930,427
1930,484
1930,2972
1930,5761
1930,9844
1932,3755
1933,2647
1933,2861
1934,2181
1934,7527
1935,245
1935,3736
1936,5999
1938,3435
1942,8730
1942,9392
1945,2385
1945,3408
1946,3968
1946,4236
1946,5169
1953,9935
1956,8032
1957,3635
1958,7752
1959,7990
1961,4882
1963,781
1963,1424
1963,3544
1965,9584
1965,9934
1968,4502
1969,2346
1971,8623
1973,3178
1973,8397
1976,1470
1977,2913
1977,4074
1980,4224
1980,7855
1982,2250
1982,2552
1982,8515
1982,9597
1983,7319
1984,3993
1984,6278
1985,8197
1986,624
1986,1815
1987,7227
1987,9784
1988,1731
1989,4863
1989,5669
1990,1110
1991,3616
1992,2358
1993,334
1993,2289
1994,8145
1995,370
1995,7628
1996,3407
1996,5041
1996,5801
1997,751
2004,4787
2006,3869
2006,7482
2007,4252
2007,5217
2008,2539
2008,3953
2010,6074
2012,5982
2013,5378
2013,8833
2018,246
2018,3852
2018,9818
2019,4512
2019,5046
2020,5044
2021,8123
2022,1027
2023,4920
2024,562
2024,1170
2027,395
2028,6414
2029,6436
2030,4309
2032,5116
2032,6074
2033,466
2034,9285
2036,6378
2037,3796
2037,3852
2038,4842
2040,884
2040,2467
2041,836
2044,2487
2044,7530
2049,1060
2051,1283
2052,2874
2052,8090
2053,1333
2053,7110
2055,5288
2058,6613
2061,1035
2061,5385
2061,5866
2062,6863
2063,5896
2066,2545
2066,2857
2066,6947
2066,9418
2068,1780
2070,7779
2072,1127
2075,3913
2078,5383
2079,7851
2080,1656
2080,8013
2084,4258
2084,9829
2085,8058
2085,8296
2087,8949
2089,4935
2090,2958
2090,3240
2093,1592
2094,6540
2096,5617
2097,1833
2097,6558
2099,2300
2099,4174
2101,11
2105,9823
2106,147
2106,3330
2108,7761
2111,7082
2112,2956
2113,5419
2115,2436
2120,625
2120,7484
2121,2967
2121,8304
2123,5145
2124,1924
2124,4745
2125,4873
2128,897
2128,2846
2129,4883
2129,8323
2131,1535
2131,9738
2132,6787
2133,3143
2133,5277
2133,5698
2133,8996
2137,4770
2139,5301
2139,9461
2141,4127
2143,5194
2146,3097
2147,1808
2147,6510
2148,6586
2153,740
2153,1357
2154,4307
2154,5026
2155,7712
2157,7253
2158,3862
2160,3468
2161,4149
2161,5124
2161,6288
2163,5975
2166,4434
2166,5765
2166,7086
2168,1113
2169,8919
2170,342
2170,6303
2171,8607
2172,7478
2173,2579
2174,2856
2174,3897
2175,9465
2176,8934
2178,969
2179,5448
2181,1934
2181,2225
2182,5544
2182,7606
2184,7624
2185,578
2185,8848
2187,649
2187,2920
2187,5511
2189,3983
2190,3038
2192,3843
2192,4822
2195,5236
2196,3684
2198,1758
2198,2410
2198,3649
2198,8854
2198,9125
2199,1661
2201,8040
2202,5325
2204,2940
2204,6909
2206,3297
2207,6925
2209,6648
2210,2503
2211,6803
2213,9642
2214,8654
2215,721
2216,6639
2216,8937
2217,5373
2219,6779
2219,8650
2221,677
2222,4049
2222,9471
2223,907
2223,6754
2224,3337
2224,5371
2225,2181
2225,2876
2225,9442
2226,8913
2229,1019
2232,1477
2234,8365
2235,3873
2235,4237
2235,7446
2236,6241
2237,8411
2238,7406
2240,8047
2242,6028
2245,2440
2246,1789
2246,5631
2247,7648
2249,6581
2250,1982
2253,2313
2256,114
2259,1561
2259,5185
2260,3950
2260,8120
2263,7270
2265,5719
2268,3114
2269,3599
2270,4394
2272,550
2273,877
2273,8219
2274,3261
2275,9723
2277,6437
2281,7282
2283,5381
2285,8759
2286,5221
2288,3368
2289,1993
2289,7037
2291,8818
2293,3374
2294,1868
2294,5509
2295,736
2296,3731
2298,1717
2298,6917
2299,807
2300,2099
2304,3625
2309,3443
2312,8489
2312,9237
2312,9600
2313,841
2313,2253
2313,8356
2315,4303
2315,8935
2318,4774
2318,6575
2318,8779
2319,8321
2320,2642
2321,2841
2321,7677
2323,2783
2323,6285
2325,5390
2325,8595
2327,4664
2327,8049
2332,3601
2332,7700
2334,8752
2336,6213
2337,6465
2338,1351
2339,3988
2341,8314
2342,4411
2343,6062
2344,1694
2344,5241
2346,1969
2348,6463
2348,6581
2349,836
2357,9270
2358,1992
2360,1394
2360,8921
2362,6352
2363,6570
2364,3281
2365,8174
2367,5243
2367,6423
2368,5994
2369,3189
2369,8310
2369,9598
2370,2380
2371,3641
2372,7691
2372,8139
2373,2828
2373,5685
2374,9063
2374,9419
2375,1581
2375,3505
2376,3646
2376,8754
2380,2370
2380,5909
2381,942
2381,5678
2382,3083
2383,7428
2383,8460
2385,1945
2385,4059
2391,6101
2392,2702
2393,4274
2400,5889
2401,5167
2402,235
2402,5839
2403,9128
2405,2647
2406,5712
2409,3080
2410,1391
2410,2198
2410,4456
2411,6772
2413,6631
2413,9006
2415,2522
2417,4606
2417,5233
2419,1287
2419,3609
2420,5566
2422,4485
2424,202
2425,9303
2426,6775
2427,7662
2430,1452
2431,1406
2431,3735
2432,3374
2433,8453
2434,4878
2434,7460
2435,6300
2436,2115
2436,9338
2438,7096
2439,1266
2440,622
2440,2245
2441,6028
2441,6304
2443,3754
2443,7484
2443,9956
2444,211
2447,749
2447,7291
2451,4671
2451,5264
2451,5908
2451,6224
2451,8710
2454,4413
2454,8822
2455,340
2455,7479
2455,8473
2457,9853
2459,2876
2463,1252
2464,9560
2467,2040
2467,8018
2468,1805
2470,9668
2471,9
2471,4263
2473,940
2473,3148
2473,8331
2477,7559
2477,9637
2478,3078
2478,7313
2480,5898
2481,2789
2481,7533
2482,6796
2482,8952
2483,9614
2484,8195
2485,239
2487,2044
2489,4916
2490,5630
2491,9655
2492,8026
2493,3426
2493,5868
2493,7750
2498,471
2499,3096
2501,5670
2501,8893
2503,2210
2503,7858
2506,8300
2506,8346
2507,9529
2509,2623
2510,1514
2510,8847
2511,492
2513,963
2514,6790
2517,8831
2521,2561
2522,2415
2524,2955
2524,8581
2525,6034
2529,8882
2530,5153
2531,7333
2533,143
2533,1352
2534,4521
2534,9816
2537,642
2537,8457
2538,428
2538,3483
2539,2008
2539,6211
2540,7112
2540,7934
2540,8608
2543,268
2545,2066
2545,4363
2545,9099
2545,9273
2548,2945
2548,9699
2550,6366
2552,1982
2552,2896
2552,3651
2554,7750
2555,3761
2558,3743
2561,2521
2562,8959
2565,3419
2567,3906
2568,1588
2568,9673
2569,5296
2571,1616
2572,2589
2577,6774
2578,3637
2579,2173
2579,8176
2580,9654
2581,5003
2583,2744
2583,4710
2583,6345
2584,1826
2585,428
2586,1915
2586,3643
2587,4587
2587,5117
2588,7956
2589,1592
2589,2572
2589,6783
2591,8747
2593,3488
2593,5351
2600,5837
2600,7549
2603,656
2603,7987
2603,8113
2605,8393
2605,8659
2606,6321
2607,9640
2610,48
2610,5274
2610,8866
2611,5050
2612,5751
2613,4667
2613,7513
2613,8162
2614,6639
2617,6579
2617,6993
2618,5400
2618,8029
2621,1289
2621,1848
2622,1304
2623,2509
2623,7274
2623,9994
2625,21
2625,7889
2626,5761
2628,829
2628,1010
2628,3763
2628,5499
2629,7781
2630,6374
2633,3515
2633,4943
2633,5467
2635,1127
2636,8964
2639,5312
2639,6541
2642,2320
2643,6914
2644,8026
2645,8227
2646,5813
2646,6857
2646,7518
2647,1933
2647,2405
2647,5532
2647,6089
2647,6357
2647,8612
2649,6218
2653,5455
2653,5791
2654,707
2657,124
2657,3432
2657,5897
2660,9444
2663,941
2663,3191
2666,1389
2666,5334
2666,7502
2667,6238
2667,7334
2668,6937
2668,9201
2669,6653
2671,6470
2672,2937
2672,5263
2674,4921
2677,328
2677,9147
2678,5057
2678,8820
2679,1185
2679,4639
2680,507
2681,1543
2681,3921
2682,9940
2685,329
2688,6287
2688,8883
2689,744
2690,1900
2691,5933
2692,3549
2693,307
2693,8706
2695,3713
2695,3957
2696,8885
2699,4784
2699,6411
2700,4322
2702,2392
2702,8244
2703,3784
2706,4534
2707,3463
2708,1336
2708,3195
2708,8790
2709,216
2709,2972
2714,5766
2714,6555
2714,8385
2715,4467
2716,5621
2716,8212
2717,9473
2718,5460
2722,22
2722,5856
2723,6552
2724,7298
2724,8046
2724,8779
2725,6499
2725,9180
2733,9483
2734,521
2736,321
2740,5080
2743,4845
2743,5308
2744,2583
2744,3124
2744,3784
2747,5801
2749,9067
2752,1722
2753,1186
2753,5502
2754,816
2754,1387
2754,9957
2755,766
2755,8769
2756,8736
2757,9277
2758,293
2759,2982
2759,4758
2759,7036
2760,9310
2761,8383
2762,8797
2762,9509
2764,5303
2766,3802
2767,2969
2768,3593
2769,7501
2771,5706
2771,6097
2772,4136
2772,8005
2772,8172
2775,336
2776,6943
2778,3377
2779,428
2779,5201
2781,8227
2783,2323
2783,9745
2786,3188
2786,5645
2788,3943
2789,2481
2789,3942
2790,7465
2790,8256
2793,1505
2794,8967
2795,287
2795,9649
2796,7357
2798,654
2798,3195
2798,6811
2798,8257
2799,6185
2801,5935
2803,5829
2803,9339
2805,9717
2806,4213
2807,8922
2808,6006
2809,9296
2813,5680
2816,5575
2816,6910
2816,8560
2817,612
2817,4161
2818,931
2820,7140
2821,7687
2823,774
2823,4379
2828,2373
2828,2942
2828,9655
2830,5189
2831,113
2831,4498
2832,7190
2833,593
2833,4341
2833,9563
2836,5837
2838,7678
2841,2321
2841,9185
2842,9148
2843,4025
2843,6164
2843,7476
2846,2128
2847,9361
2848,3598
2851,4681
2855,3393
2856,2174
2856,4425
2857,2066
2860,9990
2861,1933
2861,6360
2863,6765
2865,6599
2865,9967
2866,4926
2867,6231
2868,4073
2869,1390
2869,4265
2870,8826
2871,5546
2872,757
2874,2052
2874,4261
2874,4376
2875,3850
2875,7268
2876,1678
2876,2225
2876,2459
2877,3189
2879,158
2879,3537
2879,5188
2879,9724
2880,5607
2880,8388
2881,1608
2881,9111
2882,6660
2883,6749
2883,8269
2884,3390
2887,8736
2888,1815
2890,550
2891,5705
2892,796
2893,3394
2896,649
2896,1525
2896,2552
2899,3521
2899,6353
2900,4667
2900,4726
2900,9901
2901,1234
2901,3773
2901,8722
2903,8942
2905,544
2906,6749
2907,4058
2908,1748
2908,5253
2909,3822
2910,4767
2910,9285
2911,7655
2912,4351
2913,1977
2914,5529
2915,4235
2918,9059
2919,6185
2919,9137
2920,2187
2920,4525
2923,7033
2925,7525
2927,8431
2928,5183
2928,7778
2929,6462
2929,7693
2929,9255
2933,9425
2934,5244
2934,6390
2935,1311
2935,4659
2936,1518
2937,2672
2937,4817
2939,3862
2939,6852
2940,1132
2940,1237
2940,2204
2940,9853
2942,2828
2942,5947
2944,7733
2945,592
2945,2548
2946,7029
2947,4316
2953,6051
2954,3423
2954,9841
2955,2524
2956,2112
2957,7777
2958,1775
2958,2090
2961,4232
2962,8538
2963,3328
2963,8899
2964,3921
2966,3321
2967,2121
2967,4950
2969,2767
2971,6461
2972,1930
2972,2709
2974,6978
2975,6073
2977,6181
2977,6965
2978,50
2979,4757
2981,8886
2982,2759
2982,3036
2987,7309
2988,9624
2989,7395
2990,3010
2991,5335
2991,9756
2993,7796
2994,969
2995,6418
2996,1315
2997,8998
2998,6622
2999,8470
3000,1530
3001,3831
3003,5160
3004,51
3004,252
3004,7666
3005,1527
3005,4530
3006,8143
3007,7770
3008,4997
3009,3251
3009,4517
3010,1880
3010,2990
3010,7695
3013,1220
3013,8689
3014,8069
3017,7312
3017,7767
3022,6038
3023,5980
3025,3559
3025,7506
3025,9764
3026,678
3026,6565
3026,6716
3028,1058
3028,6197
3028,7406
3028,8547
3032,161
3032,4239
3034,5623
3036,2982
3036,8629
3038,2190
3040,5538
3040,7661
3041,6570
3044,995
3044,4359
3047,7141
3047,8728
3048,7564
3049,3146
3049,5845
3051,4955
3051,6317
3053,1602
3054,5619
3054,8126
3054,8404
3055,8545
3058,7882
3059,4873
3061,7105
3061,7347
3062,6140
3064,547
3064,1296
3064,3259
3065,6468
3066,4515
3070,1246
3075,1376
3075,5674
3075,6973
3076,5174
3077,7560
3078,38
3078,2478
3080,2409
3080,5000
3080,5183
3080,9621
3081,927
3082,4563
3082,6193
3082,7401
3083,1324
3083,2382
3084,4620
3087,9412
3089,998
3089,5951
3089,9718
3090,811
3096,2499
3096,7768
3097,2146
3097,6773
3101,8796
3103,9127
3103,9524
3103,9965
3105,1246
3105,3219
3107,7742
3108,3670
3108,9143
3110,4926
3110,7550
3110,9129
3111,1801
3111,5980
3112,3222
3112,9625
3114,2268
3114,5358
3114,6138
3114,7234
3117,1728
3117,5733
3119,6104
3119,9251
3120,6214
3121,7010
3123,6596
3124,610
3124,2744
3125,9155
3126,1703
3126,9097
3127,8410
3127,8572
3131,1379
3132,1850
3133,5388
3133,8427
3133,8627
3134,4930
3136,9434
3137,3836
3137,9878
3138,1115
3138,1221
3138,3222
3139,7497
3140,3157
3141,7425
3142,4347
3142,7171
3143,2133
3143,4432
3144,1055
3144,7756
3145,4756
3145,6230
3146,3049
3147,973
3147,5770
3147,7005
3148,2473
3150,7671
3151,1557
3153,4748
3154,6125
3156,5709
3157,3140
3158,7090
3159,1517
3161,9126
3163,7874
3163,9006
3164,6877
3165,499
3165,3328
3165,3942
3165,3947
3167,1323
3167,4870
3169,6192
3169,9818
3170,6213
3173,6167
3174,4576
3176,6470
3176,6676
3178,1973
3179,3460
3179,5889
3182,6716
3183,5628
3186,5453
3188,2786
3189,1638
3189,2369
3189,2877
3189,6224
3191,2663
3194,852
3194,904
3194,8030
3195,2708
3195,2798
3196,5771
3197,8144
3197,8161
3201,6078
3204,369
3206,8069
3208,6423
3209,577
3213,5308
3215,337
3217,4598
3219,3105
3219,7184
3219,8784
3220,5326
3220,9929
3221,6190
3222,3112
3222,3138
3227,5572
3229,3655
3231,5596
3234,4129
3236,8695
3238,1493
3238,1890
3239,8026
3240,2090
3240,3274
3240,3662
3241,3967
3241,6329
3241,8545
3242,9883
3243,6071
3245,3852
3247,1659
3249,8522
3249,8857
3251,3009
3252,8210
3252,9753
3256,8001
3257,5527
3257,8514
3258,9254
3259,3064
3260,4639
3261,2274
3261,9745
3263,6745
3266,4401
3267,6325
3269,5673
3269,8425
3270,201
3270,1589
3271,4553
3271,8974
3274,3240
3276,1179
3278,8088
3279,7056
3281,417
3281,2364
3282,9353
3283,4715
3285,1174
3285,9878
3286,9463
3289,3922
3290,594
3293,972
3294,1055
3295,1592
3295,3326
3296,937
3296,1656
3296,3956
3297,2206
3299,558
3299,1341
3304,1757
3305,3459
3309,6176
3310,4384
3313,7096
3314,6809
3315,9958
3318,5796
3320,7265
3321,2966
3322,9701
3323,3849
3323,4820
3323,9878
3324,693
3326,3295
3326,7603
3328,1805
3328,2963
3328,3165
3328,5968
3328,6853
3329,1109
3329,3750
3330,2106
3330,3593
3330,8130
3331,5370
3337,2224
3340,4939
3341,1586
3341,5987
3341,7616
3342,5885
3342,6284
3342,9993
3346,71
3348,1851
3350,3381
3352,4017
3352,5283
3352,8608
3353,750
3353,9914
3354,1051
3355,295
3355,5681
3356,6511
3357,1224
3358,981
3359,6635
3362,9004
3365,8752
3367,8024
3368,670
3368,2288
3368,5478
3373,5540
3374,2293
3374,2432
3374,3806
3374,9557
3375,3804
3377,2778
3379,1140
3379,9629
3380,7827
3381,3350
3384,8532
3385,4874
3389,7489
3390,2884
3390,6293
3392,7460
3392,7606
3393,2855
3394,2893
3397,5590
3398,3434
3398,5886
3398,6821
3400,5070
3400,6011
3401,4785
3401,6228
3401,8275
3402,4472
3402,9817
3406,1873
3406,9554
3407,1996
3408,1945
3410,6173
3414,1053
3415,9030
3416,6796
3419,2565
3419,4462
3419,6962
3421,8273
3422,5918
3423,2954
3424,8322
3426,2493
3426,8110
3427,5871
3428,3667
3432,2657
3432,4940
3433,4726
3433,5993
3433,7564
3434,3398
3435,1938
3437,3505
3437,6080
3437,9633
3438,8649
3443,2309
3443,6972
3443,7261
3444,6297
3444,6377
3446,6960
3448,567
3448,9892
3449,6158
3449,6765
3450,4962
3452,6357
3452,7741
3452,9357
3453,8918
3455,1231
3455,4866
3456,3669
3459,3305
3460,3179
3460,6002
3462,1035
3462,4922
3463,2707
3464,1470
3464,5938
3465,850
3467,9867
3468,2160
3468,4038
3469,1544
3469,6562
3471,6175
3474,4653
3475,9684
3476,328
3476,6831
3476,7298
3478,4612
3481,3663
3482,1607
3482,4699
3482,9114
3483,2538
3484,4661
3484,9324
3485,9791
3486,1583
3487,826
3488,2593
3488,5784
3488,6531
3495,8603
3496,9527
3500,4556
3501,1906
3502,4687
3502,5617
3502,9491
3503,5743
3503,8394
3503,9782
3504,6372
3505,2375
3505,3437
3505,8380
3506,9733
3507,892
3507,4101
3509,6343
3510,594
3511,445
3513,8557
3515,2633
3515,5351
3516,7841
3519,4574
3521,2899
3521,8669
3523,4782
3524,6630
3526,4194
3529,4966
3530,9566
3532,3985
3533,8349
3535,3936
3537,2879
3537,7352
3538,4077
3538,7271
3539,4898
3539,7580
3540,735
3542,350
3544,981
3544,1963
3544,6989
3544,7023
3546,4721
3548,5043
3549,129
3549,2692
3550,8257
3551,4831
3552,8972
3553,44
3554,1545
3554,7695
3558,5311
3559,3025
3561,9343
3562,615
3563,6772
3565,7221
3566,415
3567,7400
3568,7096
3570,7585
3571,5802
3571,8342
3576,4749
3577,3730
3577,5724
3578,1154
3580,9274
3581,6649
3581,9593
3582,6448
3583,1463
3588,5639
3590,390
3590,5296
3592,7036
3592,7057
3593,2768
3593,3330
3594,181
3597,5261
3598,2848
3599,413
3599,2269
3599,9709
3600,7409
3601,908
3601,2332
3601,6906
3603,4019
3608,9318
3609,2419
3609,7124
3611,6942
3614,4946
3615,3764
3616,1991
3617,4151
3618,1364
3618,1910
3618,6737
3620,886
3620,6320
3621,6091
3624,4100
3625,2304
3625,5460
3625,9994
3626,4391
3626,5825
3627,9632
3628,1906
3628,5517
3628,8306
3629,697
3633,5547
3634,5733
3635,1957
3635,9596
3637,2578
3638,1160
3640,3885
3641,2371
3642,7980
3643,2586
3643,6128
3644,4912
3645,658
3646,2376
3647,5109
3648,6134
3649,2198
3649,5017
3649,5978
3651,2552
3651,6351
3652,6923
3655,3229
3656,4786
3662,3240
3662,6740
3663,3481
3664,4638
3664,9822
3665,7220
3666,1841
3667,3428
3669,3456
3670,3108
3671,1850
3673,3951
3674,9114
3677,1301
3677,4052
3677,8221
3679,4722
3679,7244
3682,8241
3684,2196
3684,4391
3685,6542
3686,4415
3686,7903
3688,5185
3692,5849
3694,4206
3699,8209
3702,5424
3704,9456
3707,5895
3711,1702
3711,8750
3713,2695
3714,3968
3714,7144
3716,4138
3718,7658
3718,9228
3719,5924
3720,1741
3720,7497
3721,1850
3723,6422
3724,4316
3726,8978
3727,9437
3728,6797
3730,3577
3730,4252
3731,2296
3731,9022
3732,885
3732,8144
3735,2431
3736,1935
3737,7254
3738,4931
3738,7391
3738,9624
3741,9572
3743,2558
3744,848
3748,1480
3749,4681
3749,5677
3750,3329
3754,2443
3755,1932
3755,7310
3756,4155
3757,946
3761,2555
3763,2628
3763,6908
3763,7772
3764,953
3764,3615
3765,9607
3766,1490
3766,1514
3767,662
3767,6050
3770,5506
3773,2901
3773,4450
3775,4462
3775,9525
3776,7845
3779,5016
3781,4901
3783,5863
3783,8718
3784,2703
3784,2744
3787,963
3788,281
3788,940
3790,4275
3791,5062
3791,5315
3792,8660
3792,9418
3795,1187
3795,7897
3796,2037
3797,7878
3799,1820
3799,7936
3802,2766
3802,6944
3804,3375
3804,4184
3804,9682
3806,1396
3806,3374
3806,8567
3807,764
3808,1683
3808,7041
3809,7424
3809,7670
3811,257
3811,5327
3815,27
3816,5202
3816,9934
3819,1918
3819,8869
3821,9962
3822,2909
3822,8673
3824,962
3824,4135
3825,4906
3827,7550
3828,5843
3828,9810
3831,3001
3832,361
3834,552
3834,6703
3836,3137
3836,8950
3837,9445
3839,7897
3840,6527
3842,340
3842,4980
3843,2192
3848,5722
3849,429
3849,3323
3850,781
3850,883
3850,2875
3850,7161
3850,7854
3850,8435
3852,2018
3852,2037
3852,3245
3852,5918
3853,5591
3853,6723
3855,512
3856,7449
3857,1012
3857,4754
3858,5576
3862,2158
3862,2939
3865,4064
3867,6881
3869,502
3869,2006
3869,6432
3869,6756
3870,4173
3870,4434
3870,8105
3872,7729
3873,2235
3873,9130
3874,3881
3874,7072
3875,5927
3877,7388
3880,1147
3880,4142
3880,4837
3881,3874
3882,56
3885,3640
3886,6610
3888,1787
3889,905
3889,5310
3890,5224
3891,4666
3892,8005
3894,7026
3895,259
3895,1731
3897,2174
3899,9020
3900,8010
3902,1803
3902,8275
3905,788
3906,2567
3910,4222
3912,6271
3913,2075
3913,8966
3917,6263
3918,4305
3918,4873
3921,2681
3921,2964
3922,1416
3922,1528
3922,3289
3925,9334
3927,7464
3928,4985
3928,6300
3928,8355
3929,4356
3930,356
3932,6618
3936,3535
3936,6160
3937,4492
3940,8301
3942,2789
3942,3165
3943,1070
3943,2788
3943,6701
3945,7835
3946,6406
3946,9972
3947,3165
3947,8024
3949,6119
3949,6989
3950,1415
3950,2260
3951,3673
3952,9377
3953,2008
3953,4143
3953,9934
3956,3296
3957,2695
3958,361
3958,5294
3961,1912
3961,5239
3967,3241
3967,6447
3967,7166
3968,1946
3968,3714
3969,4018
3969,4396
3970,1637
3973,9826
3977,4267
3977,4518
3978,598
3981,279
3983,974
3983,2189
3985,531
3985,3532
3986,8158
3987,8699
3988,2339
3990,247
3991,6368
3992,984
3992,7312
3993,1108
3993,1984
3994,6183
3994,8396
3994,8875
3996,895
3997,4872
3997,5129
4000,4282
4002,7121
4002,8825
4003,9439
4004,7795
4009,4113
4009,6083
4009,9146
4012,5763
4015,5878
4017,3352
4017,4617
4017,8433
4018,3969
4018,6124
4019,3603
4022,9093
4023,1404
4023,4316
4023,5144
4025,2843
4026,5139
4026,7240
4029,6973
4032,334
4035,707
4037,4279
4038,1680
4038,3468
4038,8580
4041,7251
4043,4962
4044,6400
4047,6475
4047,6580
4049,2222
4049,6383
4050,1502
4052,3677
4053,6323
4054,5605
4056,5858
4057,5021
4058,2907
4059,2385
4062,834
4062,6927
4062,8841
4064,3865
4066,1574
4067,679
4067,7311
4067,8663
4070,6089
4071,6201
4072,1152
4072,9100
4073,2868
4073,4341
4074,1977
4075,5895
4075,7935
4076,9950
4077,3538
4078,4920
4078,6412
4080,23
4080,8247
4082,7972
4084,6701
4088,6469
4088,7689
4089,9686
4091,1796
4091,7827
4093,6284
4095,8546
4096,7884
4097,6914
4097,9903
4100,3624
4100,4395
4101,3507
4102,1483
4102,6691
4102,9397
4103,7634
4107,7092
4108,5379
4108,5745
4108,6679
4110,1768
4110,6044
4112,1471
4112,5885
4113,4009
4114,5001
4115,41
4115,7569
4118,6735
4119,9318
4122,8295
4125,1069
4126,16
4126,1637
4126,7227
4127,2141
4129,3234
4129,5292
4130,1212
4133,7550
4134,5024
4135,3824
4136,2772
4137,9352
4138,3716
4138,6638
4138,6663
4138,9277
4139,41
4140,9962
4142,3880
4142,6434
4143,3953
4143,4146
4146,4143
4147,4783
4148,844
4149,1016
4149,2161
4150,803
4151,1916
4151,3617
4154,7630
4155,3756
4156,6606
4157,9156
4159,8434
4159,9789
4160,4282
4161,2817
4164,32
4164,7039
4167,4999
4169,7073
4170,7606
4171,4451
4173,3870
4173,7608
4174,2099
4175,5342
4176,5260
4177,9507
4181,7378
4181,7726
4182,8682
4184,3804
4191,1076
4191,4470
4192,6592
4194,952
4194,3526
4195,5670
4196,7195
4197,5666
4197,6208
4197,9601
4198,6324
4199,4631
4199,5854
4200,4825
4200,7209
4201,6487
4202,7475
4205,5424
4206,3694
4209,1511
4210,6363
4213,2806
4214,4385
4214,5232
4217,6078
4219,7860
4221,6942
4222,3910
4224,1980
4224,9019
4225,8096
4228,194
4229,9810
4230,190
4230,6213
4232,2961
4233,7574
4233,8590
4234,7104
4235,2915
4235,8587
4236,1946
4236,5409
4237,2235
4238,7326
4239,3032
4240,6632
4240,8729
4241,419
4241,7633
4242,5251
4243,691
4245,7210
4246,1919
4246,5365
4246,6706
4248,6999
4248,7273
4250,1149
4251,470
4251,1533
4252,1395
4252,2007
4252,3730
4254,4805
4258,177
4258,2084
4260,6442
4261,2874
4262,959
4263,2471
4264,8519
4265,2869
4265,8465
4267,3977
4268,6953
4272,441
4272,1431
4274,2393
4275,1092
4275,3790
4275,4881
4275,9073
4276,6360
4276,8505
4278,8788
4279,4037
4282,4000
4282,4160
4285,9815
4286,8009
4288,434
4290,9727
4291,4968
4292,214
4293,1239
4293,9034
4294,6305
4295,764
4295,6684
4295,9440
4296,1247
4296,4421
4296,7151
4299,1703
4299,4371
4300,5688
4301,7603
4302,8602
4303,2315
4305,3918
4306,5239
4307,2154
4308,9133
4309,2030
4309,8764
4309,9583
4310,542
4310,6857
4312,5884
4314,6076
4315,898
4316,1523
4316,2947
4316,3724
4316,4023
4317,5464
4319,163
4320,7155
4322,1586
4322,2700
4324,6547
4325,690
4326,9160
4330,8710
4331,6311
4332,31
4332,801
4333,58
4333,5845
4334,1702
4335,4879
4341,2833
4341,4073
4344,1708
4344,5466
4344,6261
4347,1400
4347,3142
4348,107
4349,4716
4350,6938
4351,2912
4351,7868
4352,9867
4355,5945
4356,317
4356,3929
4359,3044
4359,5950
4359,9621
4360,5266
4363,2545
4367,4832
4367,8864
4371,4299
4372,7496
4373,884
4374,5046
4374,5711
4376,2874
4376,4883
4377,1535
4377,9387
4378,9092
4379,2823
4384,3310
4385,491
4385,4214
4386,6294
4390,4401
4390,7240
4391,3626
4391,3684
4391,7269
4391,7705
4391,7727
4392,1029
4392,6170
4394,2270
4395,4100
4396,3969
4398,310
4399,7691
4399,8029
4400,7605
4401,3266
4401,4390
4401,6219
4405,4665
4405,6814
4405,7531
4408,4491
4408,9328
4410,6630
4411,2342
4413,2454
4415,1632
4415,1691
4415,3686
4419,9227
4421,4296
4422,6749
4425,2856
4426,6499
4428,6595
4428,8087
4430,184
4430,6641
4432,1058
4432,3143
4434,2166
4434,3870
4434,4614
4438,7309
4439,1519
4443,70
4447,6364
4448,8143
4449,6629
4450,3773
4450,6860
4451,4171
4453,1518
4456,2410
4457,6879
4459,1328
4459,5126
4462,3419
4462,3775
4463,5461
4464,1360
4466,44
4466,9140
4467,2715
4468,9187
4470,4191
4472,3402
4473,100
4473,5725
4476,6931
4477,557
4481,1046
4481,5855
4485,1360
4485,2422
4485,9530
4489,687
4489,1559
4489,1782
4490,5007
4490,6216
4491,4408
4491,4492
4491,8380
4492,1136
4492,3937
4492,4491
4492,5565
4493,7167
4497,1449
4498,2831
4502,1968
4502,9889
4503,1806
4504,6721
4504,8112
4505,5452
4507,1422
4508,7623
4509,7809
4510,8029
4511,217
4512,2019
4512,7443
4512,7830
4513,6811
4514,6137
4514,8827
4515,3066
4517,3009
4517,5236
4518,3977
4518,4883
4520,4920
4521,185
4521,2534
4523,8936
4524,663
4524,5946
4525,2920
4527,1037
4527,8616
4528,7082
4528,9538
4529,9111
4530,3005
4530,7925
4531,528
4533,5132
4534,2706
4537,588
4537,5305
4537,8362
4538,8728
4542,4695
4544,4684
4545,1536
4546,6034
4546,6710
4548,8168
4549,5897
4550,858
4550,1749
4550,5054
4550,5294
4551,5284
4551,8935
4552,717
4553,3271
4553,7174
4556,3500
4556,4705
4556,8527
4557,6396
4559,686
4559,7096
4562,5585
4563,3082
4565,829
4567,7617
4567,9462
4571,8486
4572,1217
4573,454
4574,3519
4576,3174
4576,9227
4577,271
4577,5889
4577,6199
4577,8914
4578,1600
4580,1111
4582,9509
4583,7982
4584,1419
4584,4989
4587,2587
4589,584
4589,5527
4589,8581
4590,5527
4591,9393
4592,5001
4594,1150
4594,1155
4594,5881
4595,6511
4597,5854
4598,3217
4599,5575
4599,5909
4599,7612
4600,7401
4600,8050
4601,57
4606,2417
4606,5650
4607,442
4609,6463
4611,7286
4611,8338
4612,3478
4614,4434
4614,6466
4617,4017
4619,7334
4620,3084
4621,5206
4621,6779
4624,7530
4624,8806
4626,975
4626,1714
4628,6828
4631,4199
4632,40
4632,385
4633,69
4633,553
4633,4669
4634,5282
4637,6755
4638,3664
4639,2679
4639,3260
4640,7198
4643,5178
4646,5828
4646,6574
4646,7109
4647,5123
4648,5740
4649,236
4649,1118
4651,6219
4651,6584
4653,3474
4656,9989
4657,6308
4657,7270
4659,1668
4659,2935
4661,3484
4662,5843
4664,2327
4664,6169
4665,4405
4666,3891
4667,2613
4667,2900
4667,5926
4669,1350
4669,4633
4670,5225
4671,787
4671,2451
4671,4802
4671,7236
4672,8633
4673,4990
4673,9880
4674,7109
4676,325
4676,8258
4678,6507
4681,2851
4681,3749
4684,4544
4687,3502
4689,1904
4689,9531
4691,279
4692,8363
4695,4542
4698,9551
4699,3482
4699,4772
4700,7375
4701,285
4701,9080
4701,9259
4702,7434
4703,8218
4703,8746
4704,8129
4705,4556
4706,8202
4707,6656
4707,7914
4709,650
4710,52
4710,2583
4710,8035
4711,343
4711,863
4712,54
4712,4828
4712,5705
4713,188
4714,8256
4715,3283
4716,4349
4717,5751
4718,5482
4718,8856
4719,9670
4721,3546
4721,8932
4722,3679
4723,970
4723,1113
4723,6088
4723,7939
4726,2900
4726,3433
4727,655
4728,9841
4729,1827
4729,5204
4730,437
4730,5207
4730,6023
4732,8045
4735,8541
4738,4800
4738,6303
4738,9796
4739,9405
4742,1300
4745,2124
4747,5376
4748,3153
4748,5791
4748,6696
4748,6919
4749,3576
4751,779
4751,1793
4753,5038
4753,7079
4754,3857
4754,9453
4756,3145
4757,2979
4758,755
4758,989
4758,2759
4762,166
4762,7160
4762,9722
4763,7906
4767,142
4767,2910
4770,2137
4770,5209
4770,8783
4771,5803
4772,4699
4772,9696
4774,2318
4775,6095
4776,6801
4779,961
4782,1415
4782,1741
4782,3523
4783,1666
4783,1715
4783,4147
4783,9063
4784,2699
4784,8235
4785,3401
4786,3656
4786,6108
4787,2004
4787,5641
4789,6969
4789,8002
4792,5701
4793,171
4798,9340
4800,4738
4801,8219
4802,4671
4805,4254
4805,6076
4806,1613
4806,4868
4807,1814
4808,161
4809,9944
4811,8446
4813,1245
4813,6424
4814,1095
4817,637
4817,2937
4818,9283
4819,247
4820,3323
4820,9329
4822,2192
4824,1245
4825,1313
4825,4200
4828,61
4828,4712
4829,1580
4831,3551
4832,4367
4835,1724
4835,9776
4837,3880
4837,6728
4837,7764
4837,8148
4839,6517
4840,6968
4842,1055
4842,2038
4842,7385
4843,8443
4843,8668
4844,5206
4845,2743
4847,1921
4848,7287
4849,9266
4850,7189
4851,707
4851,1006
4852,5407
4853,5691
4853,5808
4854,21
4856,699
4856,8400
4857,8698
4861,59
4863,1989
4864,5402
4866,3455
4868,4806
4870,3167
4870,8813
4871,1559
4872,1854
4872,3997
4873,2125
4873,3059
4873,3918
4874,3385
4878,2434
4879,4335
4880,6284
4881,4275
4881,9091
4882,1961
4883,2129
4883,4376
4883,4518
4885,5282
4885,9225
4887,1898
4887,5169
4889,607
4891,6495
4893,7753
4896,492
4897,761
4897,6239
4898,1769
4898,3539
4901,3781
4903,4913
4905,5149
4905,9055
4906,3825
4906,5923
4907,8040
4908,179
4910,7481
4912,3644
4913,4903
4913,6039
4914,1704
4915,4935
4916,2489
4916,7065
4916,7936
4917,5609
4918,5493
4920,2023
4920,4078
4920,4520
4921,2674
4922,3462
4922,7091
4924,7691
4925,8207
4926,2866
4926,3110
4927,8556
4930,3134
4930,5133
4931,3738
4932,5115
4932,5644
4935,2089
4935,4915
4936,6396
4937,9737
4938,1821
4938,8265
4938,9190
4939,3340
4940,3432
4940,8404
4941,8647
4942,8548
4943,2633
4944,5320
4944,5497
4946,3614
4946,7055
4946,7309
4947,8340
4948,1477
4948,6543
4949,9244
4950,2967
4951,1493
4952,5992
4955,3051
4956,6786
4956,8611
4960,6752
4960,9624
4962,3450
4962,4043
4962,8337
4963,121
4966,3529
4968,4291
4968,5580
4971,7949
4975,6540
4975,9462
4978,8810
4980,3842
4981,575
4982,6646
4984,7050
4985,3928
4985,9241
4988,8226
4988,8729
4989,4584
4990,4673
4991,914
4992,6183
4992,7525
4992,9552
4993,1798
4997,3008
4998,5513
4998,8200
4999,4167
4999,6503
5000,3080
5001,4114
5001,4592
5003,2581
5003,6844
5007,4490
5009,6987
5010,5364
5010,5983
5010,6781
5012,1851
5016,3779
5016,8726
5017,3649
5018,8746
5021,4057
5021,8947
5021,9073
5023,5548
5023,7819
5024,4134
5026,2154
5027,1569
5034,8746
5035,9389
5038,4753
5040,9669
5041,1996
5043,3548
5044,2020
5046,2019
5046,4374
5046,7885
5047,1586
5047,7527
5047,9868
5050,2611
5050,5464
5050,9611
5051,6050
5054,4550
5056,9907
5057,2678
5057,8020
5058,1476
5059,366
5060,557
5060,9034
5061,1507
5062,3791
5062,5346
5064,1517
5064,8698
5065,139
5066,5485
5067,6690
5070,3400
5074,5760
5075,8265
5076,7080
5077,1763
5077,6220
5078,9338
5079,1889
5080,2740
5082,843
5083,8278
5083,9807
5084,9146
5087,6167
5087,9639
5090,668
5090,9346
5091,34
5091,567
5096,1252
5098,8704
5099,7045
5099,7086
5103,47
5104,7827
5106,628
5107,1632
5109,3647
5109,5698
5109,6205
5109,6545
5111,8324
5112,5472
5115,4932
5115,5441
5116,2032
5117,1217
5117,2587
5119,1407
5120,6930
5123,4647
5124,2161
5125,7044
5126,235
5126,4459
5126,9256
5127,6907
5129,3997
5129,5814
5129,5896
5132,4533
5133,4930
5135,9604
5136,8956
5137,6977
5139,4026
5139,6191
5140,253
5140,9528
5143,8700
5143,9157
5144,4023
5145,1722
5145,2123
5146,5548
5147,43
5147,7474
5149,4905
5152,764
5152,9172
5153,2530
5155,6620
5158,463
5158,8481
5159,5516
5160,3003
5160,7106
5161,759
5161,9682
5162,1184
5164,1728
5166,927
5167,2401
5168,5753
5168,8226
5169,1946
5169,4887
5169,9274
5170,1319
5170,1462
5171,5925
5174,3076
5175,7992
5177,6403
5177,6734
5177,7481
5178,4643
5179,5791
5182,8230
5183,2928
5183,3080
5183,7156
5183,9401
5185,4
5185,2259
5185,3688
5187,72
5187,8912
5188,2879
5188,8273
5189,2830
5193,134
5194,2143
5195,8244
5196,1828
5197,625
5198,8979
5200,1328
5201,2779
5202,3816
5202,7770
5204,4729
5204,5702
5205,1193
5206,4621
5206,4844
5207,0
5207,4730
5207,7400
5208,1379
5209,4770
5215,8170
5215,9825
5217,2007
5219,5307
5220,1849
5220,7667
5221,2286
5221,8463
5224,3890
5224,9134
5225,1255
5225,4670
5230,8597
5232,4214
5233,2417
5236,2195
5236,4517
5238,5304
5238,9882
5239,1877
5239,3961
5239,4306
5239,8160
5241,2344
5241,5702
5243,1128
5243,2367
5243,8184
5244,2934
5244,6873
5245,8922
5248,7052
5250,6681
5251,4242
5251,9834
5253,2908
5254,8921
5255,5701
5255,6053
5256,1801
5259,5544
5260,4176
5261,1000
5261,3597
5261,5929
5263,2672
5264,2451
5264,5379
5266,4360
5267,6120
5268,9399
5269,1228
5269,5924
5269,7299
5274,2610
5274,9976
5276,5278
5277,2133
5277,8356
5278,5276
5280,8027
5282,4634
5282,4885
5283,1043
5283,3352
5284,4551
5284,8407
5284,8914
5285,8386
5286,9214
5288,2055
5290,6498
5292,4129
5294,3958
5294,4550
5295,1382
5296,2569
5296,3590
5296,7068
5297,901
5298,1642
5300,7508
5301,2139
5302,9069
5303,2764
5303,7331
5304,5238
5305,4537
5306,5572
5306,8656
5306,9701
5307,997
5307,5219
5307,9259
5308,2743
5308,3213
5308,6625
5310,3889
5311,3558
5312,2639
5313,6475
5315,1737
5315,3791
5315,8345
5316,9118
5317,5824
5317,8167
5320,4944
5324,1031
5324,7117
5325,255
5325,2202
5326,3220
5327,3811
5328,9640
5331,39
5331,1558
5331,7345
5332,5397
5332,8473
5333,1197
5333,5746
5334,881
5334,2666
5335,307
5335,2991
5335,7147
5339,9836
5341,9659
5342,1384
5342,4175
5344,156
5345,5697
5346,131
5346,5062
5348,8389
5349,912
5351,2593
5351,3515
5353,7678
5356,1144
5357,8907
5358,174
5358,3114
5358,9880
5360,5759
5360,7779
5363,9137
5364,5010
5365,4246
5365,5928
5365,9434
5367,8690
5370,3331
5370,8545
5371,2224
5371,6754
5372,9324
5372,9386
5373,2217
5374,8252
5376,4747
5377,1039
5378,2013
5378,6001
5379,4108
5379,5264
5379,5563
5379,9458
5381,2283
5382,1543
5382,6887
5383,545
5383,2078
5384,8570
5385,2061
5386,8746
5386,9157
5387,211
5387,1526
5388,3133
5389,1324
5389,7828
5390,2325
5390,9219
5391,9027
5392,6840
5393,877
5393,6101
5394,8363
5397,5332
5398,5959
5400,2618
5401,9105
5402,1788
5402,4864
5404,6723
5407,4852
5409,4236
5411,176
5411,393
5412,962
5414,320
5415,8496
5416,975
5418,9405
5419,2113
5420,7883
5421,5620
5424,3702
5424,4205
5424,7896
5425,1094
5426,5599
5426,9456
5427,9700
5428,7004
5428,9926
5429,1881
5431,9749
5435,1525
5435,9118
5438,9683
5441,5115
5443,7693
5448,659
5448,2179
5451,731
5452,4505
5453,3186
5454,1111
5454,8762
5454,9358
5455,2653
5460,2718
5460,3625
5461,4463
5461,8962
5462,1289
5464,4317
5464,5050
5466,4344
5466,7660
5467,2633
5471,7562
5472,212
5472,5112
5473,5851
5478,3368
5480,5929
5481,1605
5482,1494
5482,4718
5482,8079
5483,1225
5485,5066
5486,6820
5488,87
5490,8700
5491,1129
5491,7871
5492,8428
5493,4918
5496,6802
5497,4944
5499,564
5499,2628
5499,9100
5500,7452
5501,1359
5502,2753
5502,8995
5505,9639
5506,3770
5509,2294
5510,6351
5511,2187
5511,8396
5512,7173
5513,4998
5515,6165
5516,5159
5516,8562
5517,3628
5518,6428
5523,1537
5523,8321
5523,8930
5524,7524
5524,9477
5527,3257
5527,4589
5527,4590
5528,1687
5528,9051
5529,2914
5529,7999
5532,2647
5532,8253
5535,7169
5536,1162
5536,9342
5538,1842
5538,3040
5540,3373
5541,313
5541,6784
5544,2182
5544,5259
5545,5949
5546,2871
5547,3633
5548,5023
5548,5146
5549,5842
5550,315
5550,868
5553,1617
5557,6614
5558,6921
5561,497
5561,9380
5562,8255
5563,5379
5564,9738
5565,4492
5566,2420
5567,1879
5567,5602
5568,9913
5570,9334
5571,6923
5572,3227
5572,5306
5574,8034
5575,2816
5575,4599
5576,905
5576,3858
5577,804
5579,1707
5580,4968
5580,5809
5580,9949
5581,5813
5581,7646
5581,9495
5582,1085
5585,4562
5586,186
5586,7878
5587,8717
5587,9320
5588,446
5588,6749
5590,1100
5590,3397
5590,7986
5591,3853
5596,626
5596,3231
5599,5426
5600,8410
5602,664
5602,1582
5602,5567
5604,8478
5605,4054
5606,7622
5607,2880
5608,5812
5608,9917
5609,4917
5609,5696
5612,8035
5613,9533
5614,1616
5615,751
5617,2096
5617,3502
5619,3054
5620,5421
5621,2716
5623,3034
5624,6309
5626,9968
5627,9576
5628,3183
5630,2490
5630,5708
5630,7500
5631,1768
5631,2246
5634,7846
5634,8552
5637,144
5639,3588
5639,8107
5640,8836
5641,4787
5643,8525
5643,8534
5644,4932
5644,8616
5645,1573
5645,2786
5645,6252
5646,1804
5646,9292
5650,4606
5650,7641
5652,262
5652,6889
5653,6032
5655,1269
5655,9584
5656,6193
5656,9573
5657,713
5657,6813
5659,1845
5662,7079
5663,9415
5664,6558
5666,4197
5668,8153
5669,1989
5670,2501
5670,4195
5671,9172
5673,3269
5674,3075
5674,9104
5677,3749
5677,6724
5678,2381
5679,738
5680,2813
5680,8832
5681,3355
5684,8137
5685,2373
5685,7853
5686,933
5687,7561
5688,4300
5689,5866
5689,9032
5690,9709
5691,4853
5691,6766
5695,9810
5696,5609
5697,5345
5697,7889
5697,9719
5698,2133
5698,5109
5698,9582
5700,6128
5701,4792
5701,5255
5701,6670
5702,5204
5702,5241
5705,2891
5705,4712
5706,2771
5707,7188
5708,5630
5709,3156
5711,4374
5712,395
5712,2406
5713,472
5713,7544
5716,7297
5717,211
5717,360
5718,5795
5719,2265
5719,9570
5720,8309
5722,3848
5724,1849
5724,3577
5724,8663
5725,4473
5725,8463
5727,6409
5733,1203
5733,3117
5733,3634
5733,8522
5737,9473
5738,6686
5740,4648
5741,820
5741,9555
5742,7498
5743,3503
5743,9747
5745,4108
5746,5333
5748,1674
5749,1578
5749,8831
5751,2612
5751,4717
5753,5168
5755,7775
5756,9425
5759,5360
5759,6894
5760,5074
5761,1930
5761,2626
5763,4012
5763,7542
5765,2166
5766,2714
5766,7404
5770,3147
5770,8163
5771,3196
5775,7459
5775,9216
5775,9982
5777,9308
5778,6446
5779,7954
5779,9233
5780,8465
5782,1798
5782,6488
5782,7529
5784,3488
5786,1100
5787,1868
5787,6150
5788,9228
5790,9914
5791,2653
5791,4748
5791,5179
5795,487
5795,5718
5796,3318
5796,8326
5797,695
5799,6568
5801,1996
5801,2747
5802,864
5802,3571
5803,4771
5804,1153
5804,1873
5805,7864
5808,665
5808,4853
5808,8808
5809,397
5809,5580
5809,7259
5810,8318
5812,1415
5812,5608
5813,2646
5813,5581
5814,5129
5815,8396
5816,1897
5817,1176
5818,9613
5820,705
5821,9692
5822,6589
5824,5317
5824,9827
5825,3626
5827,996
5828,4646
5829,2803
5831,1619
5831,7200
5836,6462
5836,7947
5836,8661
5837,2600
5837,2836
5839,2402
5839,6507
5839,7607
5840,1825
5840,7498
5840,8059
5841,477
5842,5549
5843,3828
5843,4662
5845,3049
5845,4333
5849,3692
5850,883
5850,1224
5850,8009
5851,5473
5851,6121
5851,6697
5851,7080
5851,9441
5854,846
5854,1754
5854,4199
5854,4597
5854,8760
5854,9035
5855,4481
5855,5952
5856,1075
5856,2722
5858,4056
5858,6613
5859,9641
5860,6539
5860,9329
5862,1440
5863,508
5863,3783
5866,2061
5866,5689
5868,2493
5868,5996
5868,8328
5869,924
5871,3427
5872,691
5873,406
5878,4015
5878,5905
5879,6844
5879,8929
5879,9308
5881,4594
5881,9220
5882,1350
5883,8157
5884,1314
5884,4312
5885,3342
5885,4112
5886,3398
5889,2400
5889,3179
5889,4577
5893,8296
5895,3707
5895,4075
5895,9325
5895,9551
5896,2063
5896,5129
5897,2657
5897,4549
5898,2480
5898,6380
5898,8504
5899,6969
5900,7764
5901,6497
5901,7428
5903,155
5905,1114
5905,5878
5906,6187
5908,2451
5908,9369
5909,2380
5909,4599
5910,9257
5913,761
5916,8252
5916,9853
5918,1200
5918,3422
5918,3852
5919,1811
5921,1019
5922,1843
5923,1456
5923,4906
5923,7097
5924,3719
5924,5269
5925,5171
5926,4667
5927,3875
5927,7175
5928,5365
5929,5261
5929,5480
5930,1444
5933,2691
5934,6882
5934,8777
5935,2801
5935,6285
5935,8063
5936,7835
5937,8702
5938,1637
5938,3464
5938,7956
5941,6475
5942,8832
5945,4355
5946,1278
5946,4524
5947,2942
5949,5545
5950,4359
5950,9279
5951,3089
5952,732
5952,5855
5959,5398
5962,835
5962,1018
5964,1586
5968,3328
5968,7392
5969,7238
5969,8734
5974,6858
5974,7923
5974,9208
5975,2163
5976,707
5978,3649
5980,3023
5980,3111
5982,2012
5982,7285
5983,5010
5983,8316
5987,3341
5988,7535
5991,617
5991,8430
5992,4952
5993,3433
5994,2368
5996,5868
5997,8643
5997,9112
5999,1936
6000,941
6000,9860
6001,5378
6002,3460
6004,7818
6006,2808
6010,9138
6011,3400
6011,6616
6014,1380
6015,6046
6019,1803
6019,9870
6020,8510
6021,9227
6021,9600
6023,4730
6026,8220
6027,1289
6028,1208
6028,2242
6028,2441
6031,7477
6032,5653
6034,2525
6034,4546
6035,8233
6038,3022
6038,9941
6039,4913
6040,9360
6044,1756
6044,4110
6046,6015
6047,8892
6047,9640
6047,9909
6050,562
6050,3767
6050,5051
6050,8473
6051,2953
6051,9686
6053,5255
6054,6287
6054,6348
6055,9912
6061,623
6062,2343
6064,7976
6067,1268
6070,7166
6071,3243
6073,2975
6074,2010
6074,2032
6074,6499
6076,4314
6076,4805
6078,825
6078,3201
6078,4217
6078,7303
6080,1749
6080,3437
6083,4009
6086,7750
6086,9355
6087,1033
6087,7526
6088,4723
6089,2647
6089,4070
6091,3621
6093,6792
6095,4775
6095,7102
6097,2771
6098,7170
6099,6200
6100,1867
6101,2391
6101,5393
6103,680
6103,7859
6104,3119
6106,90
6108,4786
6109,634
6110,1751
6111,1270
6111,8860
6114,9217
6114,9337
6119,3949
6120,5267
6120,9112
6121,5851
6122,6709
6122,7472
6122,9351
6124,4018
6125,3154
6126,6621
6127,7946
6128,3643
6128,5700
6129,9465
6131,1723
6133,1281
6133,8315
6134,1653
6134,3648
6134,6995
6137,4514
6137,7978
6138,1750
6138,3114
6139,7229
6140,3062
6145,1355
6149,7337
6150,161
6150,5787
6153,6859
6153,8036
6154,6692
6156,8075
6156,9461
6158,3449
6159,1037
6160,333
6160,3936
6161,8215
6164,2843
6165,5515
6167,3173
6167,5087
6169,4664
6170,4392
6171,7609
6171,7970
6173,3410
6173,6324
6174,33
6175,3471
6175,8990
6176,3309
6177,9664
6178,8644
6181,2977
6182,244
6182,717
6182,6718
6182,9170
6183,3994
6183,4992
6185,2799
6185,2919
6186,208
6187,5906
6190,3221
6191,5139
6191,7386
6192,3169
6192,8118
6192,9551
6193,3082
6193,5656
6197,3028
6198,716
6199,4577
6200,6099
6201,4071
6202,8535
6203,7445
6204,466
6204,600
6205,5109
6208,4197
6211,2539
6213,2336
6213,3170
6213,4230
6214,3120
6216,4490
6216,7729
6218,2649
6218,9388
6219,4401
6219,4651
6220,1662
6220,5077
6221,8871
6223,772
6224,2451
6224,3189
6228,3401
6228,9331
6230,401
6230,3145
6231,2867
6233,434
6234,857
6234,7516
6236,263
6238,2667
6238,9318
6239,4897
6241,154
6241,2236
6244,7740
6246,9995
6247,1751
6247,8855
6248,817
6248,6708
6249,945
6252,5645
6252,8839
6253,1687
6257,346
6261,923
6261,4344
6263,3917
6267,1842
6268,1412
6270,8474
6271,1298
6271,3912
6272,7352
6273,9269
6274,379
6274,1144
6276,8406
6278,1984
6278,7324
6282,9654
6284,3342
6284,4093
6284,4880
6285,2323
6285,5935
6286,591
6287,2688
6287,6054
6287,9832
6288,2161
6289,6825
6293,3390
6294,782
6294,4386
6294,9050
6295,8474
6297,3444
6299,9339
6300,2435
6300,3928
6301,1603
6301,1863
6303,2170
6303,4738
6304,2441
6304,7341
6304,9169
6305,4294
6308,271
6308,4657
6308,9688
6309,5624
6309,9372
6310,864
6310,7236
6311,4331
6314,395
6317,3051
6317,6801
6318,8079
6319,9534
6320,3620
6321,292
6321,2606
6321,9466
6323,4053
6323,9031
6324,4198
6324,6173
6325,3267
6325,8662
6325,8820
6327,7248
6329,3241
6331,573
6332,6350
6337,8805
6337,9861
6343,3509
6344,1573
6345,2583
6345,7003
6345,9373
6348,1105
6348,6054
6350,6332
6351,3651
6351,5510
6352,2362
6352,9152
6353,2899
6357,2647
6357,3452
6358,9230
6359,472
6359,9475
6360,2861
6360,4276
6362,7189
6363,4210
6364,4447
6364,9965
6366,2550
6366,8848
6368,577
6368,3991
6370,9464
6372,3504
6374,2630
6374,7756
6376,77
6377,3444
6378,2036
6379,8515
6380,5898
6383,4049
6385,1021
6385,9670
6386,9674
6388,6438
6390,270
6390,457
6390,2934
6390,9787
6391,1674
6392,109
6395,1617
6396,4557
6396,4936
6397,1291
6400,4044
6403,5177
6406,3946
6408,9143
6409,5727
6410,599
6411,580
6411,2699
6412,4078
6413,9814
6414,2028
6415,432
6416,9988
6417,399
6417,676
6418,2995
6419,1875
6421,7587
6422,3723
6423,2367
6423,3208
6423,8126
6424,1914
6424,4813
6427,9969
6428,634
6428,5518
6432,193
6432,3869
6432,9730
6433,8869
6434,4142
6434,8275
6435,720
6436,2029
6436,6526
6437,1088
6437,2277
6438,6388
6439,9832
6440,9483
6442,4260
6443,9268
6445,7591
6446,1215
6446,5778
6447,3967
6448,0
6448,3582
6448,8688
6449,353
6449,1771
6449,6959
6449,7777
6452,1408
6457,7998
6459,1410
6460,7104
6461,2971
6462,2929
6462,5836
6463,2348
6463,4609
6464,1384
6465,2337
6465,7943
6466,4614
6468,3065
6469,4088
6470,158
6470,2671
6470,3176
6475,4047
6475,5313
6475,5941
6476,6995
6482,7325
6485,7399
6487,4201
6488,5782
6488,6738
6489,7605
6491,8560
6491,9718
6495,4891
6497,5901
6498,5290
6498,8501
6499,2725
6499,4426
6499,6074
6500,7945
6503,4999
6505,6596
6505,7021
6507,4678
6507,5839
6509,9238
6510,2147
6511,3356
6511,4595
6514,671
6517,1411
6517,4839
6519,8021
6521,8980
6526,6436
6527,3840
6527,8508
6528,8638
6531,3488
6536,1640
6536,7383
6537,6789
6539,1787
6539,5860
6539,9139
6540,1403
6540,2094
6540,4975
6541,2639
6542,3685
6543,4948
6544,9104
6545,5109
6547,1048
6547,4324
6552,2723
6552,8966
6554,9339
6555,2714
6557,1693
6557,9608
6558,2097
6558,5664
6562,3469
6565,1496
6565,3026
6568,5799
6568,8084
6570,2363
6570,3041
6570,8009
6571,8041
6572,8460
6574,705
6574,4646
6574,7449
6574,8257
6575,2318
6576,6992
6577,7005
6578,8525
6579,2617
6579,9965
6580,4047
6580,8287
6580,8304
6581,2249
6581,2348
6581,8525
6581,8539
6582,1261
6584,4651
6586,2148
6586,7979
6587,527
6589,5822
6589,7980
6591,8816
6591,9788
6592,4192
6595,4428
6596,3123
6596,6505
6596,8420
6599,2865
6602,8545
6605,1776
6605,8583
6606,1567
6606,1845
6606,1911
6606,4156
6606,6639
6608,8139
6608,8242
6610,911
6610,938
6610,3886
6613,2058
6613,5858
6614,5557
6616,6011
6616,9608
6618,3932
6619,7195
6620,5155
6620,6943
6620,9819
6621,6126
6622,2998
6622,7885
6624,8426
6625,5308
6627,9258
6629,4449
6630,3524
6630,4410
6631,2413
6632,12
6632,4240
6632,9055
6635,3359
6638,4138
6639,2216
6639,2614
6639,6606
6641,4430
6642,7169
6644,7690
6646,4982
6648,2209
6648,7983
6649,3581
6649,9271
6650,1423
6653,2669
6656,1264
6656,4707
6660,2882
6661,1489
6662,6679
6662,7473
6662,8425
6663,4138
6663,8710
6665,9934
6667,1057
6668,9363
6670,5701
6672,6711
6673,8887
6674,365
6675,7139
6676,1293
6676,3176
6678,7616
6679,4108
6679,6662
6681,5250
6681,7399
6681,9535
6682,659
6683,7967
6683,8307
6684,4295
6685,184
6686,5738
6688,202
6690,5067
6690,7528
6691,4102
6692,6154
6696,4748
6697,5851
6699,1407
6699,6952
6701,3943
6701,4084
6702,8822
6703,3834
6705,9650
6706,4246
6706,8751
6708,6248
6709,6122
6710,455
6710,4546
6711,6672
6713,433
6713,6945
6716,3026
6716,3182
6716,7306
6718,6182
6719,9165
6721,4504
6723,3853
6723,5404
6724,5677
6724,7887
6728,4837
6728,7699
6731,8820
6734,5177
6735,4118
6737,773
6737,3618
6738,6488
6740,3662
6742,7516
6745,3263
6745,8548
6749,2883
6749,2906
6749,4422
6749,5588
6751,791
6752,4960
6753,7258
6754,2223
6754,5371
6755,4637
6756,875
6756,3869
6757,7648
6758,7489
6758,7517
6760,7602
6760,9072
6765,2863
6765,3449
6765,7524
6766,5691
6766,8266
6767,8920
6769,7101
6771,1463
6771,7765
6772,2411
6772,3563
6772,8199
6773,3097
6773,9910
6774,2577
6775,2426
6776,1652
6776,8083
6777,167
6777,6954
6778,6866
6779,2219
6779,4621
6781,5010
6783,2589
6783,6936
6784,5541
6785,8686
6786,4956
6787,2132
6789,6537
6790,2514
6792,6093
6795,243
6796,2482
6796,3416
6797,3728
6798,9631
6800,1166
6800,9223
6801,1812
6801,4776
6801,6317
6802,5496
6803,2211
6804,7164
6809,3314
6809,7978
6811,6
6811,2798
6811,4513
6813,5657
6814,758
6814,4405
6820,5486
6820,9810
6821,3398
6821,8080
6824,1867
6825,6289
6826,1067
6827,161
6828,835
6828,1895
6828,4628
6828,9146
6830,1875
6831,3476
6840,5392
6840,8694
6842,504
6844,5003
6844,5879
6844,8417
6847,1818
6851,770
6852,2939
6853,3328
6855,9903
6856,1420
6857,2646
6857,4310
6858,5974
6859,6153
6860,4450
6861,1401
6863,1630
6863,2062
6864,1200
6866,6778
6866,9275
6868,8403
6868,9783
6869,525
6873,5244
6873,9838
6875,1045
6875,7469
6876,7878
6877,3164
6879,4457
6879,7488
6881,3867
6882,1435
6882,5934
6882,9366
6883,7
6883,459
6884,1330
6884,1725
6886,1042
6887,5382
6887,9770
6889,5652
6894,5759
6896,49
6896,7078
6896,7459
6899,1247
6900,1637
6900,9974
6904,1091
6906,3601
6907,5127
6908,3763
6909,2204
6910,2816
6911,9085
6913,7169
6914,2643
6914,4097
6917,2298
6917,9074
6917,9277
6919,4748
6919,9149
6921,5558
6922,9993
6923,3652
6923,5571
6925,2207
6927,1811
6927,4062
6927,9408
6930,5120
6931,4476
6933,9622
6936,6783
6937,2668
6938,4350
6942,3611
6942,4221
6943,2776
6943,6620
6944,1162
6944,3802
6945,1575
6945,6713
6946,7494
6947,2066
6949,87
6949,410
6950,8824
6952,6699
6953,4268
6954,6777
6958,8281
6959,6449
6960,3446
6962,3419
6965,2977
6968,4840
6969,194
6969,4789
6969,5899
6970,8674
6971,948
6972,3443
6973,3075
6973,4029
6973,7879
6976,948
6977,5137
6978,2974
6982,1798
6983,1269
6985,9458
6986,8112
6987,5009
6989,3544
6989,3949
6990,7129
6991,471
6992,6576
6993,2617
6993,9249
6995,6134
6995,6476
6996,210
6996,755
6997,7643
6997,7894
6998,8101
6999,4248
7003,6345
7004,5428
7004,7251
7005,3147
7005,6577
7005,8028
7005,8710
7008,500
7009,1199
7010,3121
7014,1562
7014,8401
7019,9503
7020,8894
7021,6505
7023,3544
7025,1015
7026,3894
7028,1920
7029,2946
7030,832
7032,7185
7033,2923
7033,7451
7036,2759
7036,3592
7037,2289
7039,4164
7041,3808
7041,7852
7041,9111
7041,9938
7042,1866
7044,5125
7045,5099
7045,9450
7045,9797
7050,1298
7050,1334
7050,4984
7050,8733
7052,402
7052,5248
7055,4946
7056,3279
7056,9990
7057,3592
7060,1830
7062,7129
7062,7873
7064,9902
7065,4916
7065,9549
7068,1452
7068,5296
7069,7173
7071,1760
7072,3874
7073,4169
7074,7773
7074,8567
7075,9234
7075,9732
7076,1185
7076,1704
7076,9613
7078,6896
7079,4753
7079,5662
7080,5076
7080,5851
7082,2111
7082,4528
7083,954
7084,7877
7086,1869
7086,2166
7086,5099
7088,8456
7089,8817
7089,8991
7090,3158
7091,4922
7091,8909
7092,208
7092,1027
7092,4107
7096,2438
7096,3313
7096,3568
7096,4559
7096,8150
7097,5923
7100,8504
7101,6769
7102,6095
7104,4234
7104,6460
7104,7686
7105,3061
7106,5160
7109,4646
7109,4674
7110,2053
7110,9438
7110,9747
7111,1040
7111,8860
7112,1182
7112,2540
7112,7864
7113,7309
7115,9404
7116,1516
7117,649
7117,5324
7118,1251
7120,9741
7121,4002
7121,9202
7122,9584
7123,1854
7123,9936
7124,3609
7129,6990
7129,7062
7130,988
7130,1212
7131,393
7131,9160
7135,8619
7137,7546
7138,9849
7139,6675
7140,2820
7141,3047
7144,3714
7144,8217
7147,5335
7147,9336
7148,9892
7150,1914
7151,4296
7155,4320
7156,5183
7158,1107
7159,8858
7159,9152
7160,4762
7161,3850
7162,239
7164,6804
7164,9973
7165,8923
7166,3967
7166,6070
7167,4493
7169,5535
7169,6642
7169,6913
7170,6098
7171,3142
7171,8321
7171,9301
7172,7191
7172,9438
7173,5512
7173,7069
7174,4553
7175,1543
7175,5927
7179,8548
7180,1574
7182,9013
7184,3219
7184,8875
7185,7032
7186,9209
7188,5707
7189,4850
7189,6362
7190,2832
7191,7172
7193,9722
7194,7883
7195,4196
7195,6619
7196,1514
7198,4640
7199,8285
7200,5831
7200,8432
7209,4200
7209,8190
7209,8619
7209,9676
7210,8
7210,4245
7219,8192
7220,3665
7221,1633
7221,3565
7222,7700
7223,931
7226,7726
7226,7844
7227,1987
7227,4126
7229,1076
7229,6139
7229,8188
7230,9626
7231,841
7234,1008
7234,3114
7235,835
7236,4671
7236,6310
7236,8917
7238,5969
7238,8488
7240,4026
7240,4390
7241,469
7244,3679
7245,8564
7246,7818
7246,8714
7248,6327
7251,4041
7251,7004
7252,7535
7253,2157
7254,3737
7255,1653
7258,1499
7258,6753
7259,90
7259,5809
7259,7713
7261,62
7261,3443
7262,8206
7263,1077
7264,7530
7265,3320
7266,8271
7267,7767
7268,2875
7269,971
7269,4391
7270,2263
7270,4657
7271,3538
7273,4248
7274,2623
7274,9556
7279,322
7282,2281
7285,1771
7285,5982
7286,1310
7286,4611
7287,4848
7287,8020
7288,927
7289,880
7291,1533
7291,2447
7292,396
7295,8624
7297,5716
7297,8608
7298,1222
7298,2724
7298,3476
7298,7698
7299,5269
7300,7826
7303,6078
7306,6716
7309,2987
7309,4438
7309,4946
7309,7113
7309,7373
7310,3755
7311,4067
7312,3017
7312,3992
7313,2478
7314,1151
7315,7723
7317,1029
7317,7796
7317,9709
7319,1983
7324,6278
7325,6482
7326,1755
7326,4238
7329,9126
7331,5303
7332,1835
7332,7346
7333,66
7333,2531
7333,9078
7334,2667
7334,4619
7335,210
7337,6149
7338,8113
7341,6304
7343,7936
7344,192
7345,5331
7345,8803
7346,7332
7347,3061
7351,670
7351,9194
7352,3537
7352,6272
7356,1867
7357,2796
7361,1292
7364,1399
7371,726
7373,7309
7374,69
7375,131
7375,4700
7378,4181
7381,705
7383,6536
7384,1362
7385,4842
7386,6191
7386,8740
7387,8494
7388,1545
7388,3877
7391,1509
7391,3738
7392,1192
7392,1630
7392,5968
7394,850
7395,2989
7397,556
7399,6485
7399,6681
7400,3567
7400,5207
7401,3082
7401,4600
7401,7653
7403,772
7404,1874
7404,5766
7405,1861
7406,2238
7406,3028
7409,3600
7414,1258
7418,8789
7424,3809
7425,3141
7426,7854
7426,7995
7428,2383
7428,5901
7431,8538
7432,752
7433,887
7434,4702
7435,918
7436,8121
7437,8124
7441,8534
7443,4512
7445,6203
7446,2235
7449,3856
7449,6574
7451,7033
7452,5500
7453,1448
7455,1913
7458,7757
7459,5775
7459,6896
7460,2434
7460,3392
7461,9031
7463,8200
7464,1714
7464,3927
7464,8640
7465,1368
7465,2790
7468,7773
7469,6875
7469,8966
7470,1114
7472,6122
7472,7573
7472,9570
7473,6662
7474,5147
7475,290
7475,4202
7476,2843
7477,6031
7478,2172
7479,1723
7479,2455
7481,4910
7481,5177
7482,2006
7484,2120
7484,2443
7485,8565
7485,9099
7488,476
7488,6879
7489,3389
7489,6758
7493,8480
7494,6946
7496,4372
7497,1109
7497,3139
7497,3720
7498,5742
7498,5840
7500,5630
7500,7531
7501,2769
7502,2666
7503,9839
7506,3025
7507,896
7508,5300
7512,9944
7513,936
7513,2613
7516,6234
7516,6742
7517,1193
7517,6758
7518,2646
7519,9435
7521,7757
7523,8503
7524,5524
7524,6765
7525,2925
7525,4992
7526,6087
7526,8136
7527,1934
7527,5047
7528,6690
7529,1036
7529,5782
7529,9182
7530,15
7530,2044
7530,4624
7530,7264
7530,7766
7531,4405
7531,7500
7533,2481
7534,8746
7535,5988
7535,7252
7535,9236
7537,9007
7539,8677
7540,740
7542,5763
7543,9627
7544,5713
7546,464
7546,829
7546,7137
7547,7665
7548,8199
7549,2600
7549,8428
7550,3110
7550,3827
7550,4133
7551,1898
7559,2477
7560,3077
7560,7888
7561,5687
7562,5471
7564,3048
7564,3433
7566,1536
7569,614
7569,4115
7571,7787
7573,7472
7573,7902
7574,4233
7574,7894
7574,7983
7577,8126
7578,1600
7579,9681
7580,3539
7580,8092
7581,204
7585,3570
7586,396
7586,741
7587,6421
7587,8750
7591,6445
7601,9417
7602,6760
7603,3326
7603,4301
7605,1081
7605,4400
7605,6489
7605,8304
7606,2182
7606,3392
7606,4170
7607,5839
7608,4173
7609,6171
7610,1135
7611,7873
7612,4599
7614,1902
7615,289
7616,3341
7616,6678
7617,1011
7617,4567
7618,7642
7621,7704
7622,5606
7623,4508
7624,2184
7627,493
7628,1995
7629,1922
7630,4154
7633,4241
7634,4103
7636,8052
7636,8799
7640,177
7640,7754
7641,5650
7642,7618
7643,6997
7644,8802
7645,262
7645,8940
7646,628
7646,5581
7647,8393
7648,2247
7648,6757
7653,930
7653,7401
7655,2911
7655,9695
7658,3718
7660,5466
7661,1273
7661,3040
7661,8938
7662,2427
7665,7547
7666,3004
7667,5220
7668,1501
7669,948
7670,3809
7671,3150
7673,419
7673,678
7675,1326
7675,8627
7677,2321
7678,2838
7678,5353
7681,9841
7685,1030
7686,7104
7687,2821
7688,9949
7689,4088
7690,6644
7691,2372
7691,4399
7691,4924
7693,2929
7693,5443
7695,3010
7695,3554
7698,7298
7699,6728
7700,2332
7700,7222
7700,7821
7703,8276
7704,7621
7704,9890
7705,4391
7708,8658
7711,253
7711,415
7712,2155
7713,7259
7713,8422
7715,1714
7716,8252
7716,8621
7717,1320
7720,9839
7722,1727
7722,9007
7723,7315
7723,9997
7726,4181
7726,7226
7727,4391
7727,8653
7729,211
7729,3872
7729,6216
7731,8432
7733,2944
7734,7859
7736,7883
7737,1141
7740,6244
7741,3452
7742,997
7742,3107
7746,9187
7750,1863
7750,2493
7750,2554
7750,6086
7752,1958
7752,9136
7753,1733
7753,4893
7754,7640
7756,3144
7756,6374
7757,7458
7757,7521
7761,2108
7761,9193
7763,8405
7764,4837
7764,5900
7765,6771
7765,8111
7766,7530
7766,8760
7767,3017
7767,7267
7767,9189
7768,3096
7770,889
7770,3007
7770,5202
7772,3763
7773,7074
7773,7468
7773,9589
7775,5755
7775,8248
7776,8991
7777,2957
7777,6449
7777,8928
7778,2928
7779,2070
7779,5360
7780,1084
7781,2629
7781,8837
7782,7783
7783,7782
7785,1687
7786,162
7787,7571
7787,8923
7791,7838
7792,7866
7793,8612
7794,117
7794,8828
7795,4004
7795,8729
7796,2993
7796,7317
7798,391
7799,240
7803,775
7803,1066
7806,808
7809,4509
7810,8800
7810,9173
7815,1307
7815,8962
7817,961
7818,6004
7818,7246
7819,5023
7821,7700
7821,8822
7824,1540
7825,1614
7826,7300
7827,1165
7827,3380
7827,4091
7827,5104
7828,5389
7830,4512
7830,8020
7834,9423
7835,1768
7835,3945
7835,5936
7838,7791
7840,9868
7841,3516
7844,7226
7845,1010
7845,3776
7846,5634
7846,8538
7847,7875
7850,9478
7851,2079
7852,7041
7853,5685
7853,8966
7854,3850
7854,7426
7855,1980
7855,8069
7856,259
7858,2503
7859,6103
7859,7734
7860,4219
7864,5805
7864,7112
7864,9542
7866,7792
7868,4351
7871,5491
7873,7062
7873,7611
7874,1418
7874,3163
7875,7847
7875,9231
7876,1771
7877,7084
7878,3797
7878,5586
7878,6876
7879,6973
7879,9809
7880,9278
7881,9567
7882,3058
7882,8048
7882,8222
7883,5420
7883,7194
7883,7736
7884,1701
7884,4096
7884,8244
7885,5046
7885,6622
7887,6724
7888,7560
7888,8510
7889,2625
7889,5697
7893,701
7894,6997
7894,7574
7895,982
7896,5424
7897,3795
7897,3839
7898,8831
7899,392
7902,7573
7903,891
7903,1049
7903,3686
7906,4763
7907,8391
7914,4707
7918,8530
7921,8260
7923,5974
7925,1530
7925,4530
7928,8565
7929,9086
7930,1164
7932,1430
7933,1117
7934,2540
7934,8746
7935,4075
7936,3799
7936,4916
7936,7343
7939,4723
7940,1324
7940,8220
7941,9264
7943,6465
7945,6500
7946,6127
7947,5836
7948,8015
7949,4971
7953,8940
7954,5779
7956,302
7956,2588
7956,5938
7957,9630
7961,1144
7961,8423
7967,6683
7970,6171
7971,97
7972,4082
7974,9322
7976,6064
7977,681
7978,6137
7978,6809
7979,6586
7980,203
7980,3642
7980,6589
7982,4583
7983,6648
7983,7574
7983,8578
7984,1922
7986,549
7986,5590
7987,2603
7988,1354
7989,9824
7990,1721
7990,1959
7990,8470
7990,8617
7990,9986
7991,188
7992,5175
7992,8265
7994,387
7995,7426
7996,9972
7997,1688
7998,686
7998,1503
7998,6457
7999,5529
8001,3256
8002,624
8002,4789
8002,9029
8005,2772
8005,3892
8006,428
8008,8212
8009,4286
8009,5850
8009,6570
8010,3900
8010,9121
8013,2080
8014,8657
8015,595
8015,7948
8018,2467
8020,106
8020,5057
8020,7287
8020,7830
8021,6519
8024,3367
8024,3947
8024,9322
8025,8798
8026,44
8026,2492
8026,2644
8026,3239
8027,5280
8028,7005
8029,2618
8029,4399
8029,4510
8030,389
8030,3194
8032,1956
8034,59
8034,5574
8035,4710
8035,5612
8036,6153
8037,8041
8040,2201
8040,4907
8041,6571
8041,8037
8042,9575
8043,8955
8045,849
8045,1646
8045,4732
8045,8164
8046,2724
8047,2240
8048,7882
8049,2327
8049,8590
8050,4600
8051,8519
8052,7636
8056,9531
8058,2085
8058,9667
8059,5840
8062,8412
8063,5935
8064,1229
8068,1283
8069,105
8069,3014
8069,3206
8069,7855
8071,120
8074,8497
8075,6156
8076,1435
8079,5482
8079,6318
8080,1689
8080,6821
8082,8677
8083,6776
8084,6568
8084,8530
8085,8710
8087,4428
8088,3278
8090,2052
8092,7580
8093,340
8095,1632
8095,1851
8095,1896
8096,4225
8099,9653
8100,9613
8101,6998
8104,8759
8105,3870
8107,5639
8108,9492
8110,3426
8110,8909
8110,9676
8111,7765
8112,761
8112,1883
8112,4504
8112,6986
8113,2603
8113,7338
8115,9667
8116,338
8118,6192
8120,2260
8121,7436
8122,8222
8123,2021
8124,7437
8126,3054
8126,6423
8126,7577
8129,4704
8129,9543
8130,3330
8130,8258
8131,9727
8132,8633
8136,7526
8137,5684
8139,2372
8139,6608
8142,834
8143,3006
8143,4448
8144,3197
8144,3732
8144,8973
8145,1994
8147,9418
8148,4837
8150,1679
8150,7096
8150,9356
8151,8814
8153,5668
8155,1718
8157,5883
8158,3986
8160,5239
8161,3197
8162,57
8162,2613
8163,5770
8164,8045
8167,5317
8168,4548
8169,8774
8170,5215
8172,2772
8174,2365
8176,2579
8178,9114
8179,1398
8180,9941
8181,1504
8184,5243
8184,8515
8184,8663
8187,548
8188,7229
8190,7209
8192,691
8192,7219
8195,2484
8197,1985
8199,6772
8199,7548
8200,4998
8200,7463
8202,4706
8202,9874
8206,7262
8207,4925
8207,8678
8209,3699
8209,9952
8210,3252
8211,9657
8212,2716
8212,8008
8215,238
8215,1686
8215,6161
8216,342
8216,9906
8217,7144
8218,4703
8219,1201
8219,2273
8219,4801
8220,6026
8220,7940
8221,3677
8222,7882
8222,8122
8226,4988
8226,5168
8226,9448
8227,2645
8227,2781
8227,9590
8230,5182
8230,9298
8232,810
8232,9372
8233,6035
8234,9328
8235,4784
8240,8675
8241,3682
8242,6608
8244,2702
8244,5195
8244,7884
8244,8559
8247,1295
8247,4080
8247,9461
8248,1224
8248,7775
8252,5374
8252,5916
8252,7716
8253,5532
8255,863
8255,5562
8255,8366
8256,2790
8256,4714
8257,2798
8257,3550
8257,6574
8258,4676
8258,8130
8259,1794
8260,7921
8263,9601
8265,4938
8265,5075
8265,7992
8266,6766
8267,114
8267,138
8269,2883
8271,7266
8273,3421
8273,5188
8274,1907
8274,8478
8275,3401
8275,3902
8275,6434
8276,7703
8278,5083
8280,22
8281,1782
8281,6958
8282,1184
8283,9370
8285,7199
8287,6580
8289,899
8295,4122
8296,2085
8296,5893
8300,1461
8300,2506
8301,3940
8301,9131
8302,543
8302,9760
8303,1821
8304,2121
8304,6580
8304,7605
8304,8769
8306,3628
8307,6683
8309,5720
8310,2369
8310,8340
8310,9863
8313,704
8314,2341
8315,6133
8316,5983
8317,8447
8318,5810
8321,1425
8321,2319
8321,5523
8321,7171
8322,1249
8322,1535
8322,3424
8323,2129
8323,9640
8324,5111
8326,5796
8327,8888
8328,5868
8331,2473
8332,8364
8332,8883
8333,737
8333,8906
8337,4962
8338,964
8338,4611
8339,8861
8340,4947
8340,8310
8341,360
8341,8866
8342,3571
8342,8372
8345,5315
8346,2506
8349,3533
8355,3928
8356,2313
8356,5277
8357,199
8357,9781
8362,669
8362,4537
8363,4692
8363,5394
8364,1289
8364,8332
8365,1262
8365,2234
8366,814
8366,8255
8368,8540
8369,1289
8372,8342
8374,9977
8377,1325
8380,3505
8380,4491
8383,2761
8383,9864
8384,979
8385,2714
8386,5285
8388,2880
8389,5348
8390,949
8391,7907
8393,2605
8393,7647
8394,3503
8396,1875
8396,3994
8396,5511
8396,5815
8397,1973
8400,4856
8401,1569
8401,7014
8403,6868
8403,8524
8404,3054
8404,4940
8405,7763
8406,6276
8407,293
8407,5284
8410,3127
8410,5600
8411,2237
8412,8062
8412,9638
8414,812
8416,1178
8416,8591
8417,6844
8418,1127
8419,8433
8420,6596
8422,7713
8423,15
8423,7961
8425,3269
8425,6662
8426,6624
8427,3133
8427,9381
8428,5492
8428,7549
8430,5991
8431,2927
8432,7200
8432,7731
8433,4017
8433,8419
8434,4159
8435,3850
8443,4843
8445,9610
8446,4811
8447,8317
8450,56
8453,1285
8453,2433
8456,7088
8457,1638
8457,2537
8458,1447
8460,2383
8460,6572
8460,9147
8461,1054
8461,8599
8463,5221
8463,5725
8465,4265
8465,5780
8470,2999
8470,7990
8473,2455
8473,5332
8473,6050
8474,1645
8474,6270
8474,6295
8478,5604
8478,8274
8479,733
8480,7493
8481,5158
8483,46
8484,1000
8486,4571
8488,7238
8489,2312
8490,8952
8493,390
8493,411
8494,7387
8496,5415
8497,1902
8497,8074
8497,9331
8501,6498
8503,7523
8504,5898
8504,7100
8505,4276
8507,105
8508,6527
8510,6020
8510,7888
8514,1796
8514,3257
8515,1982
8515,6379
8515,8184
8519,4264
8519,8051
8522,3249
8522,5733
8524,8403
8524,8604
8525,5643
8525,6578
8525,6581
8527,4556
8530,7918
8530,8084
8532,3384
8534,5643
8534,7441
8535,6202
8538,2962
8538,7431
8538,7846
8539,6581
8540,8368
8541,4735
8541,9839
8545,3055
8545,3241
8545,5370
8545,6602
8546,920
8546,4095
8546,9755
8547,1726
8547,3028
8547,9935
8548,4942
8548,6745
8548,7179
8552,5634
8556,4927
8557,3513
8559,725
8559,8244
8560,2816
8560,6491
8562,5516
8564,7245
8565,7485
8565,7928
8567,3806
8567,7074
8569,1384
8570,5384
8572,3127
8574,9951
8575,184
8578,417
8578,7983
8578,9534
8579,1180
8580,1156
8580,4038
8581,2524
8581,4589
8583,6605
8586,532
8587,4235
8590,4233
8590,8049
8591,8416
8595,2325
8597,5230
8598,9166
8599,8461
8602,4302
8603,3495
8604,8524
8605,1186
8607,2171
8608,2540
8608,3352
8608,7297
8611,384
8611,4956
8612,2647
8612,7793
8612,9124
8616,4527
8616,5644
8617,7990
8617,9722
8619,7135
8619,7209
8619,9298
8620,8765
8621,7716
8623,1971
8624,7295
8626,889
8627,3133
8627,7675
8629,3036
8629,9657
8633,687
8633,4672
8633,8132
8634,1376
8636,1166
8638,274
8638,1484
8638,6528
8640,7464
8643,5997
8644,6178
8647,4941
8648,1698
8649,1544
8649,3438
8650,2219
8652,9100
8653,7727
8653,9550
8654,2214
8656,5306
8657,8014
8657,9873
8658,7708
8658,8842
8659,2605
8660,3792
8661,370
8661,1024
8661,5836
8662,6325
8663,4067
8663,5724
8663,8184
8665,278
8666,8745
8668,4843
8669,3521
8671,1667
8673,3822
8674,6970
8675,8240
8675,8858
8677,7539
8677,8082
8678,8207
8682,4182
8686,17
8686,6785
8688,1551
8688,6448
8689,3013
8690,899
8690,5367
8694,6840
8695,3236
8696,366
8697,9559
8697,9752
8698,4857
8698,5064
8699,3987
8700,5143
8700,5490
8702,5937
8704,5098
8706,2693
8707,8
8707,1256
8708,1604
8710,2451
8710,4330
8710,6663
8710,7005
8710,8085
8711,304
8711,8950
8713,9674
8714,7246
8715,460
8717,5587
8718,3783
8719,158
8722,2901
8724,9839
8726,883
8726,5016
8728,3047
8728,4538
8728,9531
8728,9735
8729,4240
8729,4988
8729,7795
8730,1295
8730,1942
8731,1236
8731,9166
8733,7050
8734,5969
8736,2756
8736,2887
8740,547
8740,1525
8740,7386
8741,514
8743,9881
8744,9626
8745,8666
8746,4703
8746,5018
8746,5034
8746,5386
8746,7534
8746,7934
8747,1599
8747,2591
8748,266
8750,669
8750,3711
8750,7587
8751,6706
8752,2334
8752,3365
8752,9448
8754,186
8754,1516
8754,2376
8756,1492
8759,2285
8759,8104
8759,9008
8760,5854
8760,7766
8762,5454
8764,4309
8765,472
8765,1044
8765,8620
8768,1256
8769,2755
8769,8304
8772,8964
8774,8169
8774,9745
8775,680
8776,9618
8777,5934
8779,1274
8779,2318
8779,2724
8781,9772
8783,4770
8784,3219
8787,162
8788,4278
8789,7418
8790,2708
8791,9672
8792,907
8794,1400
8796,3101
8797,702
8797,2762
8798,1253
8798,8025
8799,7636
8800,7810
8802,7644
8803,7345
8804,906
8805,6337
8806,4624
8808,5808
8809,1604
8810,4978
8811,9437
8813,4870
8814,983
8814,8151
8815,9473
8816,6591
8817,7089
8818,2291
8819,934
8820,2678
8820,6325
8820,6731
8821,360
8822,2454
8822,6702
8822,7821
8824,120
8824,6950
8825,4002
8825,9465
8826,2870
8827,4514
8828,7794
8831,2517
8831,5749
8831,7898
8832,848
8832,5680
8832,5942
8833,1108
8833,1218
8833,2013
8833,9255
8836,5640
8837,7781
8838,1315
8839,1711
8839,6252
8840,288
8841,4062
8842,8658
8844,1431
8845,982
8847,2510
8847,9472
8848,2185
8848,6366
8849,9517
8849,9621
8852,1304
8853,105
8853,1099
8854,2198
8855,6247
8856,4718
8857,3249
8858,7159
8858,8675
8859,1381
8860,6111
8860,7111
8861,8339
8861,9391
8862,1540
8864,4367
8866,2610
8866,8341
8869,3819
8869,6433
8871,6221
8873,9632
8875,3994
8875,7184
8879,1840
8880,1281
8881,9108
8882,2529
8883,2688
8883,8332
8885,2696
8886,2981
8887,6673
8888,8327
8892,6047
8892,9169
8893,2501
8894,7020
8898,9165
8899,2963
8904,1799
8904,9897
8906,65
8906,8333
8906,9714
8906,9859
8907,5357
8909,7091
8909,8110
8912,1078
8912,1601
8912,5187
8913,2226
8914,4577
8914,5284
8914,9019
8917,7236
8918,3453
8919,2169
8920,6767
8921,2360
8921,5254
8921,8956
8922,1071
8922,2807
8922,5245
8923,1802
8923,7165
8923,7787
8926,730
8926,1628
8928,7777
8929,5879
8930,5523
8931,602
8932,767
8932,1785
8932,4721
8933,87
8934,2176
8935,2315
8935,4551
8935,9056
8936,665
8936,705
8936,4523
8937,2216
8938,7661
8940,7645
8940,7953
8942,2903
8944,1854
8947,1384
8947,5021
8948,9359
8949,1501
8949,2087
8950,3836
8950,8711
8952,2482
8952,8490
8955,8043
8956,5136
8956,8921
8959,758
8959,2562
8962,5461
8962,7815
8964,2636
8964,8772
8966,3913
8966,6552
8966,7469
8966,7853
8966,9421
8967,514
8967,2794
8972,3552
8973,8144
8974,3271
8975,391
8978,708
8978,3726
8978,9626
8979,5
8979,5198
8980,6521
8984,9129
8984,9711
8985,627
8990,6175
8990,9809
8991,7089
8991,7776
8992,1839
8995,5502
8996,2133
8996,9801
8997,1289
8998,2997
8999,9994
9000,285
9003,9912
9004,128
9004,3362
9006,300
9006,2413
9006,3163
9007,7537
9007,7722
9007,9084
9008,8759
9009,9120
9010,9119
9013,7182
9013,9592
9014,9180
9019,4224
9019,8914
9020,3899
9022,892
9022,3731
9027,5391
9029,8002
9030,3415
9031,6323
9031,7461
9032,5689
9034,4293
9034,5060
9035,5854
9037,9415
9037,9545
9048,402
9050,6294
9051,5528
9055,4905
9055,6632
9056,8935
9058,9341
9059,204
9059,2918
9063,52
9063,2374
9063,4783
9065,9842
9067,2749
9069,5302
9069,9722
9072,1006
9072,6760
9073,570
9073,4275
9073,5021
9074,6917
9078,7333
9080,1370
9080,4701
9084,9007
9085,6911
9086,7929
9089,1517
9091,848
9091,4881
9092,4378
9093,4022
9094,1917
9096,9232
9097,1379
9097,3126
9099,2545
9099,7485
9100,1283
9100,4072
9100,5499
9100,8652
9102,1506
9103,12
9104,5674
9104,6544
9105,5401
9106,328
9108,130
9108,8881
9111,2881
9111,4529
9111,7041
9112,1192
9112,5997
9112,6120
9113,1337
9114,3482
9114,3674
9114,8178
9118,5316
9118,5435
9119,9010
9120,9009
9121,8010
9124,8612
9125,2198
9126,3161
9126,7329
9127,3103
9128,2403
9129,1368
9129,3110
9129,8984
9130,3873
9131,8301
9133,4308
9134,5224
9136,7752
9137,2919
9137,5363
9138,225
9138,6010
9139,6539
9140,4466
9142,675
9143,3108
9143,6408
9143,9228
9146,4009
9146,5084
9146,6828
9147,2677
9147,8460
9148,2842
9149,1496
9149,6919
9149,9736
9150,9575
9152,6352
9152,7159
9155,3125
9156,4157
9157,5143
9157,5386
9159,9423
9160,1206
9160,4326
9160,7131
9160,9892
9162,1321
9163,921
9165,6719
9165,8898
9166,470
9166,1350
9166,8598
9166,8731
9168,1325
9169,6304
9169,8892
9170,6182
9172,5152
9172,5671
9173,7810
9177,1807
9179,1032
9180,2725
9180,9014
9181,9218
9182,1056
9182,7529
9184,314
9185,2841
9186,9660
9187,4468
9187,7746
9189,7767
9190,1869
9190,4938
9193,7761
9194,7351
9196,609
9199,1638
9201,2668
9202,7121
9203,201
9206,1419
9208,5974
9209,7186
9211,1689
9214,5286
9214,9257
9216,5775
9217,338
9217,6114
9218,9181
9219,5390
9220,5881
9222,1284
9223,6800
9225,4885
9227,4419
9227,4576
9227,6021
9228,3718
9228,5788
9228,9143
9228,9658
9229,620
9230,6358
9231,7875
9232,9096
9233,5779
9234,7075
9236,7535
9237,2312
9238,1501
9238,6509
9241,4985
9244,4949
9247,387
9249,6993
9250,1065
9251,3119
9254,3258
9255,2929
9255,8833
9255,9402
9256,1740
9256,5126
9257,690
9257,5910
9257,9214
9258,6627
9259,4701
9259,5307
9264,7941
9266,4849
9268,186
9268,6443
9269,1779
9269,6273
9270,2357
9271,6649
9273,2545
9274,3580
9274,5169
9275,1052
9275,6866
9277,2757
9277,4138
9277,6917
9278,7880
9279,5950
9283,4818
9284,9393
9285,2034
9285,2910
9289,192
9292,5646
9294,1246
9296,2809
9298,1397
9298,8230
9298,8619
9301,7171
9302,9715
9303,2425
9304,1529
9308,5777
9308,5879
9310,2760
9313,591
9318,3608
9318,4119
9318,6238
9320,5587
9322,7974
9322,8024
9322,9346
9324,1515
9324,3484
9324,5372
9325,1451
9325,5895
9326,430
9328,4408
9328,8234
9329,1115
9329,4820
9329,5860
9331,6228
9331,8497
9334,3925
9334,5570
9336,7147
9337,6114
9338,2436
9338,5078
9339,2803
9339,6299
9339,6554
9340,4798
9341,9058
9342,5536
9343,3561
9346,5090
9346,9322
9348,1762
9351,6122
9352,4137
9353,3282
9355,6086
9356,8150
9357,3452
9358,5454
9359,1547
9359,8948
9360,6040
9361,2847
9363,6668
9366,6882
9369,5908
9370,8283
9372,6309
9372,8232
9373,6345
9377,3952
9378,829
9380,5561
9381,269
9381,8427
9383,1502
9385,1808
9386,5372
9387,4377
9388,6218
9389,5035
9391,8861
9392,1942
9393,4591
9393,9284
9397,64
9397,4102
9398,9490
9399,321
9399,1012
9399,5268
9401,5183
9402,9255
9404,7115
9405,571
9405,4739
9405,5418
9408,6927
9409,1921
9412,944
9412,3087
9413,1010
9415,5663
9415,9037
9417,7601
9418,2066
9418,3792
9418,8147
9419,2374
9421,8966
9423,7834
9423,9159
9424,1668
9425,2933
9425,5756
9427,9954
9429,1032
9430,1711
9431,46
9434,3136
9434,5365
9435,7519
9437,3727
9437,8811
9438,7110
9438,7172
9439,4003
9440,4295
9441,5851
9442,2225
9444,2660
9445,3837
9448,8226
9448,8752
9450,7045
9452,1648
9453,4754
9456,3704
9456,5426
9458,5379
9458,6985
9461,2139
9461,6156
9461,8247
9462,4567
9462,4975
9463,3286
9464,6370
9465,2175
9465,6129
9465,8825
9466,6321
9471,2222
9472,8847
9473,2717
9473,5737
9473,8815
9475,6359
9476,34
9476,328
9476,1029
9477,5524
9478,7850
9480,1215
9482,1620
9483,2733
9483,6440
9485,291
9487,1243
9490,9398
9491,3502
9492,8108
9495,1494
9495,5581
9495,9743
9502,477
9503,7019
9507,4177
9509,2762
9509,4582
9517,8849
9518,760
9521,9585
9522,545
9524,3103
9525,3775
9527,3496
9527,9702
9528,5140
9529,2507
9530,4485
9530,9609
9531,4689
9531,8056
9531,8728
9533,5613
9534,6319
9534,8578
9535,6681
9538,4528
9542,2
9542,7864
9543,8129
9544,9722
9544,9988
9545,9037
9549,7065
9550,8653
9551,4698
9551,5895
9551,6192
9552,4992
9554,3406
9555,1255
9555,5741
9556,7274
9557,3374
9559,166
9559,8697
9560,2464
9563,2833
9566,3530
9567,7881
9570,5719
9570,7472
9571,427
9572,3741
9573,5656
9574,1532
9575,8042
9575,9150
9576,5627
9582,5698
9583,288
9583,650
9583,4309
9584,1965
9584,5655
9584,7122
9585,9521
9589,7773
9590,8227
9592,9013
9593,3581
9596,3635
9597,1982
9598,2369
9600,2312
9600,6021
9601,4197
9601,8263
9604,5135
9607,3765
9608,6557
9608,6616
9609,194
9609,9530
9610,8445
9611,5050
9613,5818
9613,7076
9613,8100
9614,798
9614,2483
9618,8776
9620,556
9621,178
9621,3080
9621,4359
9621,8849
9622,6933
9624,2988
9624,3738
9624,4960
9625,3112
9626,7230
9626,8744
9626,8978
9627,7543
9629,3379
9630,7957
9630,9746
9631,6798
9632,3627
9632,8873
9633,3437
9637,2477
9638,8412
9639,5087
9639,5505
9640,2607
9640,5328
9640,6047
9640,8323
9641,5859
9642,2213
9648,922
9649,2795
9650,6705
9652,143
9653,8099
9654,2580
9654,6282
9655,2491
9655,2828
9657,8211
9657,8629
9658,445
9658,9228
9659,5341
9660,9186
9663,814
9664,6177
9667,8058
9667,8115
9668,2470
9669,5040
9670,4719
9670,6385
9671,9779
9672,8791
9673,2568
9674,6386
9674,8713
9675,1359
9675,9724
9676,7209
9676,8110
9678,701
9679,482
9679,956
9679,1218
9681,7579
9682,3804
9682,5161
9683,5438
9684,3475
9686,4089
9686,6051
9688,6308
9691,235
9692,5821
9695,1507
9695,7655
9696,4772
9699,2548
9700,5427
9701,3322
9701,5306
9702,9527
9705,858
9707,1797
9709,3599
9709,5690
9709,7317
9711,8984
9714,8906
9715,9302
9717,2805
9718,3089
9718,6491
9719,5697
9722,4762
9722,7193
9722,8617
9722,9069
9722,9544
9723,2275
9724,2879
9724,9675
9727,4290
9727,8131
9730,161
9730,6432
9732,7075
9733,3506
9735,8728
9736,9149
9737,830
9737,4937
9738,2131
9738,5564
9741,7120
9743,9495
9745,2783
9745,3261
9745,8774
9746,1151
9746,9630
9747,486
9747,5743
9747,7110
9749,5431
9750,784
9751,9918
9752,8697
9753,3252
9755,8546
9756,2991
9760,8302
9762,756
9764,814
9764,3025
9770,6887
9772,8781
9776,4835
9779,9671
9781,8357
9782,3503
9783,6868
9784,824
9784,1987
9785,1595
9787,6390
9788,669
9788,912
9788,6591
9789,4159
9790,1527
9791,3485
9792,544
9796,4738
9797,7045
9801,8996
9807,5083
9809,7879
9809,8990
9810,3828
9810,4229
9810,5695
9810,6820
9814,6413
9815,4285
9816,2534
9817,3402
9818,2018
9818,3169
9819,6620
9822,3664
9823,2105
9823,9954
9824,7989
9825,5215
9826,3973
9827,5824
9828,1475
9829,2084
9830,108
9832,6287
9832,6439
9834,5251
9836,5339
9838,6873
9839,7503
9839,7720
9839,8541
9839,8724
9841,2954
9841,4728
9841,7681
9842,1870
9842,9065
9844,1930
9846,1049
9849,7138
9851,1908
9852,1502
9853,2457
9853,2940
9853,5916
9857,1339
9859,1870
9859,8906
9860,6000
9861,6337
9863,215
9863,8310
9864,919
9864,1136
9864,8383
9867,3467
9867,4352
9868,5047
9868,7840
9869,578
9870,96
9870,6019
9872,823
9873,8657
9874,8202
9878,3137
9878,3285
9878,3323
9879,475
9880,1664
9880,4673
9880,5358
9881,8743
9882,5238
9883,3242
9885,65
9889,4502
9890,900
9890,7704
9892,3448
9892,7148
9892,9160
9897,1501
9897,8904
9901,2900
9902,7064
9903,4097
9903,6855
9905,1703
9906,795
9906,8216
9907,1802
9907,5056
9909,6047
9910,6773
9912,6055
9912,9003
9913,5568
9914,3353
9914,5790
9917,5608
9918,9751
9921,117
9923,422
9926,5428
9929,3220
9932,1078
9934,1965
9934,3816
9934,3953
9934,6665
9935,1953
9935,8547
9936,7123
9937,1003
9938,7041
9940,2682
9941,1472
9941,6038
9941,8180
9943,1420
9944,4809
9944,7512
9946,616
9949,1580
9949,5580
9949,7688
9950,4076
9951,8574
9952,1558
9952,8209
9954,225
9954,9427
9954,9823
9956,4
9956,476
9956,2443
9957,682
9957,2754
9958,3315
9961,1508
9962,3821
9962,4140
9965,3103
9965,6364
9965,6579
9966,1738
9967,261
9967,2865
9968,5626
9969,6427
9972,3946
9972,7996
9973,7164
9974,189
9974,6900
9976,5274
9977,8374
9982,5775
9983,114
9986,7990
9988,1347
9988,6416
9988,9544
9989,4656
9990,2860
9990,7056
9993,3342
9993,6922
9994,2623
9994,3625
9994,8999
9995,6246
9996,1077
9997,1387
9997,7723
9999,334
