10000,3026
2,680
8,1835
13,1168
20,6876
21,1687
22,3435
24,4720
25,9364
29,5074
31,6143
36,3306
37,4950
37,8803
38,4687
41,3840
47,8633
53,983
55,4499
62,4604
65,6640
66,9368
72,9919
74,5719
75,1037
78,9906
82,3005
82,4351
87,1160
90,744
92,6464
93,5895
97,3758
99,3223
107,2419
107,8410
108,9213
110,9562
115,222
115,5981
121,535
123,7955
125,4950
132,5297
139,1123
139,9073
141,4168
147,2388
148,7317
151,8164
153,5128
154,6472
155,3330
156,2135
156,9677
157,2762
162,1874
165,3591
166,6047
171,1982
172,2583
178,4162
178,6970
178,7726
182,1502
192,5997
198,4855
201,4641
207,583
207,6456
208,7468
209,4907
211,3003
215,3758
216,4161
221,4145
222,115
223,1493
225,8640
227,2747
229,5264
232,5665
239,5606
246,5359
250,6186
254,5157
255,1490
260,2160
264,5352
265,9566
268,4076
278,8987
292,2564
295,4448
301,7082
301,7371
303,4703
303,8070
304,4071
310,8785
313,7865
314,3339
317,1378
317,6335
323,7169
325,5823
328,5185
330,6891
331,4449
334,3385
341,4727
350,5601
355,5729
359,3552
362,4721
370,4632
374,3778
380,2448
380,4230
382,2743
383,7064
392,4678
392,7433
394,8255
396,2072
397,2461
399,1765
408,7719
409,3533
412,6155
413,8225
421,451
422,7526
423,2798
434,5194
440,7514
443,4998
447,6201
447,7989
449,3073
450,6724
451,421
458,7657
458,8366
468,7232
474,7256
475,6031
475,9338
482,1069
482,5344
496,1703
496,2614
503,6508
505,9498
509,4194
509,4855
510,9599
512,5415
515,2112
517,4534
528,1136
528,9912
534,4823
535,121
538,3027
541,8898
555,2703
560,6930
564,9105
567,8221
568,9943
573,1637
573,3745
573,7351
578,4675
580,9316
582,6944
583,207
585,7210
586,5958
587,3534
591,5404
603,4994
615,9514
618,9143
619,7011
621,7720
625,6626
638,7476
638,9311
641,9320
642,9215
645,9577
647,7428
652,3831
655,6708
655,6999
659,7133
659,7879
664,9186
666,6595
680,2
680,2676
680,8590
685,4741
686,6988
688,2032
691,9943
693,5840
694,8216
695,7035
698,7393
702,3873
705,6075
707,8035
711,9742
715,4961
715,8558
733,9009
736,3019
743,802
744,90
744,8538
745,9976
752,6563
757,2186
758,6499
762,5675
762,6535
763,4674
767,3057
773,1366
773,4329
773,9718
774,7561
777,2207
779,9526
780,5008
781,7173
785,9932
786,1599
791,6527
792,4116
792,9468
793,1349
793,5143
795,3021
795,7938
802,743
803,1792
805,5529
810,5861
812,2575
812,3895
815,1667
827,6824
829,8614
831,9691
835,6958
836,5144
845,3680
846,7162
847,1010
848,1427
854,2293
859,7786
859,9261
863,7480
864,2688
865,4623
865,5313
866,2492
875,6056
877,7230
878,9033
881,8086
883,8167
888,2030
891,4361
895,3663
895,4286
897,2709
906,4941
907,8044
909,5813
925,3219
926,2088
928,8090
930,6353
931,3934
931,8123
933,3630
934,9527
945,1530
946,3431
953,8490
957,3339
959,1597
961,4218
961,7208
966,1061
976,1448
976,9054
979,4957
981,9540
983,53
986,4313
996,4205
1010,847
1015,5476
1019,7164
1023,8502
1024,4002
1025,5820
1026,3896
1029,5731
1030,8893
1036,2394
1037,75
1038,8403
1042,9939
1045,4946
1045,8067
1052,9184
1056,2932
1059,3613
1059,5419
1061,966
1066,1604
1069,482
1071,6965
1072,9731
1081,7464
1087,4340
1087,6370
1097,6001
1099,5186
1101,5734
1106,7835
1107,3746
1107,5986
1107,8867
1115,3418
1118,5144
1123,139
1129,3107
1134,6129
1136,528
1146,9092
1152,2958
1152,7769
1152,9752
1153,6351
1160,87
1163,6444
1165,7854
1168,13
1194,6257
1194,7543
1197,6923
1199,3466
1207,3465
1220,4734
1228,5466
1229,8584
1232,6136
1238,2224
1240,3350
1245,4256
1260,5749
1260,8004
1266,5820
1283,9970
1285,3809
1290,1547
1295,8662
1299,1737
1299,8567
1302,5045
1303,3057
1307,3769
1312,9165
1317,1864
1329,3652
1331,2366
1334,9624
1334,9888
1338,4844
1344,3034
1344,6588
1347,9977
1349,793
1350,8967
1361,7340
1366,773
1368,4702
1370,8055
1372,1382
1375,5783
1378,317
1379,7172
1379,8416
1380,2835
1381,9330
1382,1372
1382,2752
1382,3638
1382,4715
1386,3201
1387,2214
1400,4848
1400,9821
1419,7196
1426,7066
1427,848
1428,1881
1430,8426
1435,5206
1437,3469
1448,976
1449,4760
1451,6096
1454,2735
1465,2848
1469,7252
1470,6789
1471,3956
1473,6349
1476,8756
1478,2283
1481,7608
1485,4376
1490,255
1493,223
1497,1647
1498,8438
1501,6085
1502,182
1510,9912
1511,2096
1524,4160
1529,2124
1530,945
1538,7674
1543,8014
1547,1290
1547,7798
1553,4096
1553,4543
1558,6872
1561,7520
1563,5446
1566,9599
1580,5288
1580,6601
1588,6407
1589,9815
1591,7701
1595,5327
1596,3975
1597,959
1599,786
1601,4591
1604,1066
1606,3984
1615,9470
1616,5893
1621,2630
1625,4237
1628,1632
1628,6751
1629,7049
1632,1628
1632,3854
1635,9603
1637,573
1637,3702
1637,9032
1644,9004
1647,1497
1649,2666
1653,9364
1659,6062
1665,8554
1665,9558
1666,7057
1666,8457
1667,815
1667,2711
1670,5226
1677,6712
1680,8697
1682,3189
1686,2619
1686,7682
1686,9467
1687,21
1689,8053
1691,2879
1691,7024
1696,3405
1698,4956
1700,1940
1703,496
1710,9103
1712,9319
1723,1921
1726,9904
1728,9047
1729,2855
1729,8263
1734,3063
1737,1299
1740,7475
1748,5629
1754,4492
1758,5095
1761,2030
1761,5936
1762,9351
1765,399
1765,4313
1767,8711
1768,2052
1778,8293
1779,9795
1786,5803
1792,803
1794,4174
1801,6592
1801,9628
1806,4765
1806,4961
1816,2988
1817,3273
1823,9069
1828,4070
1829,4079
1829,4945
1833,3645
1835,8
1836,7518
1838,6334
1840,3637
1841,2304
1844,7559
1848,6545
1848,6857
1851,3988
1852,3971
1857,8523
1863,4129
1864,1317
1874,162
1876,6346
1878,8835
1880,4377
1881,1428
1890,6714
1892,3094
1901,2305
1913,8768
1917,4878
1918,4895
1921,1723
1922,2441
1928,7765
1934,8274
1934,8549
1935,4219
1937,6860
1940,1700
1940,7580
1941,6325
1942,8314
1952,6309
1954,2739
1958,7801
1958,9604
1973,2693
1974,7032
1976,7697
1982,171
1982,8538
1993,5050
1994,6978
2000,5719
2009,6221
2015,7069
2021,8276
2025,7582
2027,2153
2028,3392
2030,888
2030,1761
2030,7206
2032,688
2039,2815
2044,8041
2052,1768
2054,2665
2055,5449
2058,2265
2058,6304
2059,6998
2059,9696
2062,8248
2063,9627
2064,5605
2065,3480
2071,2197
2072,396
2074,3661
2088,926
2089,8589
2095,6202
2096,1511
2106,9547
2107,6865
2112,515
2113,8217
2114,4413
2118,9367
2123,4364
2124,1529
2130,5085
2133,6996
2135,156
2138,5482
2146,8490
2147,9811
2150,7316
2153,2027
2153,5975
2154,2172
2157,4631
2160,260
2163,7477
2166,8481
2171,9798
2172,2154
2177,3165
2183,9069
2186,757
2187,3728
2189,4179
2194,2738
2197,2071
2207,777
2214,1387
2215,5119
2218,8863
2223,9056
2224,1238
2224,4602
2225,7996
2233,6672
2233,9372
2234,5947
2247,4378
2252,8225
2258,8339
2261,7053
2265,2058
2265,4112
2274,3148
2277,4366
2277,6913
2281,4895
2283,1478
2287,2722
2287,5185
2290,5942
2291,9959
2293,854
2293,4493
2295,6876
2295,8960
2296,9267
2299,4845
2303,5981
2304,1841
2304,5050
2305,1901
2310,4796
2314,9908
2315,7255
2316,5956
2325,8187
2328,2501
2329,7623
2333,3622
2334,7184
2337,2544
2337,7015
2337,7553
2344,2924
2360,6662
2362,2522
2362,2939
2364,3692
2366,1331
2366,5356
2371,9325
2379,3364
2385,6366
2388,147
2393,3693
2394,1036
2394,9029
2396,8250
2407,3495
2410,6775
2415,8232
2419,107
2419,5872
2435,7679
2438,5620
2441,1922
2442,6557
2445,6041
2448,380
2449,4825
2457,2906
2460,7907
2461,397
2461,8499
2463,9697
2472,6368
2477,8603
2481,3039
2482,4736
2482,8786
2487,6651
2491,3411
2491,5042
2492,866
2498,4804
2500,8564
2501,2328
2504,7685
2516,2518
2518,2516
2522,2362
2522,9210
2529,2995
2540,2772
2544,2337
2564,292
2566,7007
2573,5210
2575,812
2580,7463
2583,172
2583,7645
2584,9518
2590,4000
2595,8318
2596,9531
2597,4902
2597,7001
2599,9750
2601,5859
2614,496
2619,1686
2620,8551
2625,9721
2628,3791
2630,1621
2643,5702
2643,6929
2648,4880
2653,5227
2655,5946
2658,4194
2658,8494
2659,9687
2662,8239
2665,2054
2666,1649
2666,7569
2676,680
2685,4273
2686,7822
2688,864
2688,3058
2693,1973
2694,6724
2696,9796
2699,9588
2703,555
2704,7977
2709,897
2709,5164
2710,2783
2711,1667
2714,4802
2714,6484
2714,9490
2722,2287
2724,5109
2735,1454
2738,2194
2739,1954
2742,6690
2743,382
2747,227
2750,8398
2751,4915
2752,1382
2754,9878
2755,7087
2758,3647
2762,157
2762,5731
2766,3129
2766,6812
2772,2540
2783,2710
2790,8820
2791,5789
2796,9026
2798,423
2805,7415
2808,4559
2808,5626
2808,7470
2812,7140
2815,2039
2819,8121
2822,3331
2822,5464
2826,8101
2831,3182
2832,9279
2835,1380
2835,9414
2843,8149
2844,5752
2848,1465
2848,8591
2855,1729
2855,4431
2860,9796
2861,6905
2868,4946
2868,9747
2879,1691
2879,9301
2883,6426
2885,3335
2885,7156
2898,8504
2906,2457
2909,7726
2912,4915
2918,5667
2921,7123
2922,5148
2924,2344
2930,4996
2932,1056
2932,3805
2932,8229
2933,5622
2933,7239
2936,9851
2939,2362
2940,5609
2940,9126
2941,3351
2949,7961
2958,1152
2961,7206
2964,5844
2970,8629
2971,7880
2977,3489
2982,7857
2988,1816
2995,2529
2995,8433
2998,4163
2999,9781
3000,5457
3001,9947
3003,211
3005,82
3011,7934
3019,736
3020,6153
3021,795
3027,538
3031,3752
3034,1344
3035,3388
3036,4370
3039,2481
3039,4288
3042,9042
3045,8455
3049,7352
3057,767
3057,1303
3057,5894
3058,2688
3063,1734
3063,3242
3065,5467
3071,5280
3072,8163
3073,449
3080,6353
3081,4029
3082,3845
3082,4290
3084,7141
3085,6597
3087,3170
3090,5075
3094,1892
3094,5724
3099,9362
3100,4844
3100,9402
3101,8400
3105,3672
3105,9723
3107,1129
3113,5817
3115,4914
3115,9015
3117,4775
3117,7961
3126,5892
3129,2766
3131,5233
3132,6852
3132,7997
3133,7956
3134,8052
3135,9638
3138,3872
3148,2274
3148,8402
3151,8087
3163,4072
3165,2177
3167,4478
3170,3087
3172,9234
3173,3708
3182,2831
3186,3553
3189,1682
3189,6851
3190,8134
3199,9927
3201,1386
3204,8331
3205,5442
3209,6925
3210,5063
3210,8703
3215,4875
3216,3837
3218,7419
3219,925
3223,99
3228,3467
3231,5232
3235,8127
3239,7082
3241,3706
3242,3063
3245,6845
3252,7489
3257,4866
3263,9033
3273,1817
3278,4841
3279,8028
3285,4858
3286,5640
3291,6325
3296,5844
3297,8149
3300,8802
3304,3498
3306,36
3312,8288
3330,155
3331,2822
3332,6120
3335,2885
3336,3396
3337,5691
3339,314
3339,957
3340,5387
3342,7235
3349,5364
3350,1240
3351,2941
3353,8896
3356,6779
3358,9743
3363,9293
3364,2379
3365,6278
3367,4550
3375,4808
3385,334
3385,9663
3386,9341
3388,3035
3391,9182
3392,2028
3396,3336
3403,3700
3403,7736
3405,1696
3405,5768
3406,7938
3406,8745
3411,2491
3412,8561
3418,1115
3419,9634
3422,9835
3423,4795
3431,946
3432,7453
3435,22
3436,4466
3438,3955
3438,6953
3445,8685
3453,4326
3454,4491
3457,8138
3463,7784
3464,6799
3465,1207
3465,9005
3466,1199
3467,3228
3468,9556
3469,1437
3472,9715
3473,6530
3475,8052
3476,8211
3480,2065
3480,5455
3483,8666
3489,2977
3490,4512
3491,6171
3494,4962
3495,2407
3498,3304
3500,6207
3510,8689
3516,6368
3530,5070
3533,409
3534,587
3534,7924
3550,6889
3552,359
3552,6657
3553,3186
3554,5871
3560,4340
3561,3835
3562,6598
3568,6499
3580,5399
3583,4869
3591,165
3594,7159
3607,9750
3608,7859
3611,4914
3613,1059
3622,2333
3630,933
3637,1840
3638,1382
3641,7137
3645,1833
3647,2758
3652,1329
3656,6553
3661,2074
3662,7284
3663,895
3665,5503
3672,3105
3678,5877
3680,845
3680,8742
3690,7900
3692,2364
3693,2393
3700,3403
3700,4349
3702,1637
3706,3241
3706,6519
3708,3173
3723,4467
3724,9574
3728,2187
3732,8644
3734,4340
3741,3942
3745,573
3746,1107
3746,3976
3746,9446
3747,9824
3752,3031
3755,8935
3758,97
3758,215
3759,5110
3768,9586
3769,1307
3769,7182
3778,374
3783,4472
3788,4352
3791,2628
3805,2932
3805,8620
3807,5420
3809,1285
3811,6945
3818,4714
3826,6128
3829,7170
3831,652
3835,3561
3837,3216
3840,41
3840,7913
3843,5201
3844,9663
3845,3082
3845,5152
3850,5354
3852,9761
3853,4013
3854,1632
3861,8223
3864,6220
3872,3138
3873,702
3874,8472
3876,4454
3879,8541
3881,5734
3895,812
3896,1026
3905,4232
3909,4132
3914,6304
3920,7127
3922,7596
3922,8446
3927,9866
3934,931
3942,3741
3944,7621
3945,8006
3955,3438
3956,1471
3958,8864
3958,9504
3959,9204
3967,4001
3971,1852
3972,9092
3975,1596
3976,3746
3983,5231
3984,1606
3988,1851
3988,8042
3997,4610
3998,5942
4000,2590
4000,6626
4000,7351
4001,3967
4002,1024
4002,7990
4005,4923
4009,4103
4010,8569
4013,3853
4015,6746
4016,9288
4028,4428
4029,3081
4034,5492
4038,6851
4044,8684
4045,7693
4050,8572
4054,5967
4061,5635
4066,7656
4070,1828
4071,304
4072,3163
4074,6359
4076,268
4077,6699
4079,1829
4085,7629
4090,4837
4090,5284
4096,1553
4102,7266
4103,4009
4103,7851
4105,5409
4110,6984
4112,2265
4116,792
4123,4979
4129,1863
4129,9099
4132,3909
4136,7046
4145,221
4145,5538
4150,7911
4160,1524
4161,216
4162,178
4163,2998
4168,141
4169,9041
4172,4184
4174,1794
4179,2189
4184,4172
4186,9278
4192,8360
4193,7075
4194,509
4194,2658
4195,9156
4204,9532
4205,996
4207,7109
4209,8439
4214,9253
4218,961
4219,1935
4224,9102
4230,380
4232,3905
4233,4452
4234,4264
4235,9368
4237,1625
4246,9707
4247,6969
4251,4997
4252,9522
4256,1245
4257,5512
4260,8999
4264,4234
4264,8884
4265,9089
4273,2685
4275,9866
4280,5483
4282,9684
4284,9419
4286,895
4288,3039
4288,5081
4290,3082
4298,7691
4299,9251
4310,7851
4311,9940
4313,986
4313,1765
4320,6624
4326,3453
4329,773
4340,1087
4340,3560
4340,3734
4345,9001
4349,3700
4351,82
4352,3788
4354,9921
4356,4448
4356,8730
4361,891
4364,2123
4364,5262
4366,2277
4370,3036
4371,6555
4371,8448
4374,9099
4376,1485
4377,1880
4378,2247
4378,4917
4378,9463
4387,9507
4391,7761
4401,8973
4410,6460
4413,2114
4422,7502
4426,6835
4428,4028
4430,7097
4430,7836
4431,2855
4436,6292
4439,7397
4447,5517
4448,295
4448,4356
4449,331
4452,4233
4454,3876
4456,8161
4458,9479
4459,6885
4461,8858
4466,3436
4467,3723
4470,9943
4471,7059
4472,3783
4478,3167
4479,8991
4490,4970
4491,3454
4492,1754
4493,2293
4499,55
4512,3490
4514,4786
4521,9270
4522,6795
4530,4554
4534,517
4539,8819
4543,1553
4549,8577
4550,3367
4552,5635
4552,9933
4554,4530
4554,5674
4559,2808
4580,6497
4591,1601
4596,4837
4598,8061
4601,9200
4602,2224
4602,6249
4604,62
4610,3997
4611,8765
4614,6489
4620,8790
4623,865
4625,5361
4631,2157
4631,8703
4632,370
4638,8525
4641,201
4649,8570
4651,8077
4659,5523
4674,763
4675,578
4675,6892
4678,392
4680,6448
4687,38
4687,8711
4693,7534
4693,7922
4695,9296
4702,1368
4703,303
4708,7142
4714,3818
4715,1382
4716,7997
4719,4892
4719,5582
4720,24
4721,362
4727,341
4734,1220
4734,7084
4736,2482
4740,5669
4741,685
4760,1449
4762,9138
4765,1806
4765,7904
4765,9759
4767,5831
4769,7843
4771,6496
4775,3117
4776,6223
4786,4514
4787,5030
4790,9169
4795,3423
4796,2310
4802,2714
4803,9065
4804,2498
4807,9425
4808,3375
4819,4878
4823,534
4823,6213
4825,2449
4827,6599
4836,5523
4837,4090
4837,4596
4839,8691
4841,3278
4844,1338
4844,3100
4845,2299
4845,9485
4848,1400
4848,8337
4853,8432
4854,8684
4855,198
4855,509
4855,4897
4855,8588
4857,5120
4857,7235
4858,3285
4860,8156
4860,9871
4861,6736
4864,5305
4865,6479
4866,3257
4869,3583
4874,5840
4874,8328
4875,3215
4877,8548
4878,1917
4878,4819
4880,2648
4888,8004
4892,4719
4894,5525
4894,6119
4895,1918
4895,2281
4897,4855
4902,2597
4904,7695
4907,209
4914,3115
4914,3611
4915,2751
4915,2912
4917,4378
4918,9872
4922,8293
4923,4005
4927,6336
4934,8982
4935,6990
4941,906
4942,8375
4945,1829
4946,1045
4946,2868
4950,37
4950,125
4953,7869
4956,1698
4957,979
4961,715
4961,1806
4962,3494
4962,5252
4970,4490
4972,8084
4979,4123
4988,6305
4994,603
4996,2930
4997,4251
4998,443
4998,6378
5000,9624
5002,6816
5004,7757
5008,780
5008,9611
5016,8342
5026,6580
5030,4787
5035,7267
5035,8310
5037,6690
5039,9191
5040,9474
5042,2491
5044,7112
5045,1302
5046,6477
5046,9877
5047,6404
5050,1993
5050,2304
5055,7187
5063,3210
5063,5178
5063,8640
5070,3530
5072,8449
5073,5749
5074,29
5075,3090
5077,8413
5079,6294
5081,4288
5083,9053
5085,2130
5094,7182
5095,1758
5096,5919
5105,5427
5109,2724
5109,5551
5109,7802
5110,3759
5118,6651
5119,2215
5120,4857
5122,6248
5123,8732
5127,9586
5128,153
5128,9616
5133,6083
5135,5759
5135,8925
5143,793
5143,9919
5144,836
5144,1118
5148,2922
5152,3845
5153,8348
5157,254
5159,9899
5161,8601
5164,2709
5168,6478
5169,5242
5178,5063
5185,328
5185,2287
5186,1099
5191,6944
5194,434
5199,9905
5200,5779
5201,3843
5206,1435
5210,2573
5219,8385
5222,5868
5226,1670
5227,2653
5228,6815
5231,3983
5232,3231
5233,3131
5233,8291
5238,9716
5239,6485
5241,6049
5242,5169
5243,9323
5252,4962
5252,5500
5254,9090
5262,4364
5264,229
5272,8070
5276,6266
5276,9018
5279,8128
5280,3071
5281,6531
5282,7538
5284,4090
5285,8411
5288,1580
5297,132
5305,4864
5307,7322
5313,865
5313,5696
5315,8551
5325,8716
5327,1595
5339,6375
5344,482
5345,6102
5352,264
5354,3850
5355,9848
5356,2366
5359,246
5361,4625
5364,3349
5368,7468
5384,7532
5387,3340
5399,3580
5399,9204
5404,591
5409,4105
5412,8686
5415,512
5416,7676
5419,1059
5420,3807
5421,6378
5426,8859
5427,5105
5437,5747
5442,3205
5446,1563
5446,8852
5447,9200
5447,9888
5449,2055
5455,3480
5457,3000
5464,2822
5466,1228
5467,3065
5474,6050
5474,9983
5476,1015
5477,5525
5479,6873
5479,8027
5482,2138
5483,4280
5492,4034
5498,8236
5500,5252
5502,8732
5503,3665
5512,4257
5517,4447
5519,9204
5523,4659
5523,4836
5525,4894
5525,5477
5525,5606
5528,5686
5529,805
5531,9117
5534,6868
5538,4145
5538,8396
5551,5109
5551,8209
5553,7404
5558,9941
5560,5904
5572,9246
5582,4719
5582,9208
5588,6873
5594,9222
5601,350
5605,2064
5606,239
5606,5525
5609,2940
5612,7387
5613,9481
5616,8749
5620,2438
5620,7869
5622,2933
5626,2808
5629,1748
5631,6115
5635,4061
5635,4552
5635,6520
5640,3286
5643,7826
5643,7856
5650,8247
5655,9686
5665,232
5667,2918
5667,5938
5669,4740
5674,4554
5675,762
5678,6667
5683,6079
5686,5528
5689,5737
5691,3337
5696,5313
5696,8488
5699,6374
5699,9462
5702,2643
5712,9474
5714,8535
5719,74
5719,2000
5724,3094
5729,355
5731,1029
5731,2762
5734,1101
5734,3881
5734,9189
5737,5689
5737,9114
5743,9050
5747,5437
5749,1260
5749,5073
5752,2844
5759,5135
5768,3405
5779,5200
5783,1375
5789,2791
5792,6921
5796,9909
5803,1786
5813,909
5817,3113
5820,1025
5820,1266
5820,9349
5823,325
5823,8384
5831,4767
5831,6743
5840,693
5840,4874
5844,2964
5844,3296
5844,9313
5854,7835
5857,8843
5858,8208
5859,2601
5861,810
5868,5222
5868,8395
5871,3554
5872,2419
5877,3678
5886,7744
5890,9171
5892,3126
5893,1616
5894,3057
5894,7386
5895,93
5904,5560
5918,8388
5919,5096
5935,7440
5936,1761
5938,5667
5938,8436
5940,7843
5942,2290
5942,3998
5943,9849
5946,2655
5947,2234
5956,2316
5958,586
5966,7688
5967,4054
5969,8157
5975,2153
5978,6080
5981,115
5981,2303
5986,1107
5994,7853
5997,192
6001,1097
6015,7272
6019,7619
6031,475
6038,9183
6041,2445
6047,166
6048,7191
6049,5241
6050,5474
6056,875
6062,1659
6072,9148
6074,6353
6075,705
6077,6555
6077,8355
6079,5683
6080,5978
6083,5133
6085,1501
6096,1451
6098,7778
6102,5345
6104,9093
6113,7758
6115,5631
6119,4894
6120,3332
6128,3826
6129,1134
6136,1232
6143,31
6147,9094
6148,9794
6153,3020
6155,412
6155,6503
6156,6959
6165,7611
6171,3491
6179,7542
6186,250
6186,8024
6196,7773
6198,9871
6201,447
6201,9140
6202,2095
6207,3500
6213,4823
6215,6380
6218,9675
6220,3864
6221,2009
6223,4776
6226,8343
6235,8577
6237,8434
6238,7437
6239,6522
6248,5122
6249,4602
6255,6479
6257,1194
6260,6446
6266,5276
6271,6605
6278,3365
6286,9900
6292,4436
6294,5079
6304,2058
6304,3914
6305,4988
6305,7662
6305,9892
6309,1952
6313,9927
6316,6866
6325,1941
6325,3291
6334,1838
6335,317
6336,4927
6345,8771
6346,1876
6348,9472
6349,1473
6351,1153
6353,930
6353,3080
6353,6074
6359,4074
6366,2385
6368,2472
6368,3516
6370,1087
6374,5699
6375,5339
6378,4998
6378,5421
6380,6215
6401,6644
6404,5047
6404,9164
6407,1588
6409,9263
6410,6581
6411,6780
6426,2883
6426,7998
6430,9841
6441,9424
6444,1163
6446,6260
6448,4680
6453,7402
6456,207
6460,4410
6464,92
6472,154
6477,5046
6477,8093
6478,5168
6479,4865
6479,6255
6484,2714
6485,5239
6489,4614
6496,4771
6496,6701
6497,4580
6497,8158
6499,758
6499,3568
6503,6155
6508,503
6510,7578
6516,7562
6519,3706
6520,5635
6522,6239
6527,791
6528,7844
6530,3473
6531,5281
6535,762
6545,1848
6545,6899
6553,3656
6554,7813
6555,4371
6555,6077
6557,2442
6557,8812
6563,752
6563,7656
6580,5026
6581,6410
6583,7932
6588,1344
6592,1801
6593,9710
6595,666
6597,3085
6598,3562
6599,4827
6601,1580
6605,6271
6624,4320
6626,625
6626,4000
6638,7210
6640,65
6644,6401
6644,7720
6651,2487
6651,5118
6657,3552
6662,2360
6662,9878
6667,5678
6669,7415
6672,2233
6687,8688
6690,2742
6690,5037
6695,9067
6699,4077
6699,6782
6701,6496
6702,7396
6703,9420
6708,655
6712,1677
6714,1890
6724,450
6724,2694
6736,4861
6741,9011
6743,5831
6746,4015
6747,8313
6748,8495
6748,9080
6751,1628
6751,7492
6756,6971
6759,8930
6763,9996
6766,7787
6775,2410
6779,3356
6780,6411
6782,6699
6784,9495
6789,1470
6795,4522
6796,7931
6799,3464
6812,2766
6815,5228
6816,5002
6818,7243
6820,8962
6824,827
6835,4426
6845,3245
6851,3189
6851,4038
6852,3132
6852,9257
6853,7706
6856,8779
6857,1848
6860,1937
6865,2107
6866,6316
6868,5534
6872,1558
6873,5479
6873,5588
6876,20
6876,2295
6882,7561
6885,4459
6889,3550
6891,330
6892,4675
6899,6545
6905,2861
6913,2277
6921,5792
6923,1197
6925,3209
6929,2643
6930,560
6938,8579
6943,9692
6944,582
6944,5191
6945,3811
6953,3438
6958,835
6959,6156
6965,1071
6969,4247
6970,178
6970,7357
6971,6756
6978,1994
6980,9856
6984,4110
6987,7312
6988,686
6990,4935
6991,7443
6996,2133
6997,9746
6998,2059
6999,655
7001,2597
7007,2566
7011,619
7015,2337
7017,9933
7024,1691
7027,8131
7028,7629
7032,1974
7035,695
7046,4136
7049,1629
7053,2261
7057,1666
7059,4471
7064,383
7066,1426
7069,2015
7075,4193
7082,301
7082,3239
7084,4734
7087,2755
7087,8148
7097,4430
7102,9215
7104,7583
7109,4207
7112,5044
7123,2921
7127,3920
7133,659
7137,3641
7138,8159
7138,8462
7140,2812
7141,3084
7142,4708
7150,9284
7156,2885
7159,3594
7160,9083
7162,846
7163,8347
7164,1019
7166,9132
7166,9814
7169,323
7170,3829
7172,1379
7173,781
7182,3769
7182,5094
7184,2334
7187,5055
7191,6048
7193,9236
7196,1419
7206,2030
7206,2961
7208,961
7210,585
7210,6638
7210,8546
7230,877
7232,468
7235,3342
7235,4857
7235,8587
7239,2933
7243,6818
7245,9262
7245,9712
7252,1469
7255,2315
7256,474
7266,4102
7267,5035
7272,6015
7284,3662
7285,8594
7302,7374
7303,7416
7308,9895
7309,8995
7312,6987
7316,2150
7317,148
7322,5307
7324,9306
7340,1361
7345,8694
7351,573
7351,4000
7352,3049
7353,7776
7357,6970
7368,7375
7371,301
7374,7302
7375,7368
7383,8451
7386,5894
7387,5612
7389,8733
7390,8667
7392,8782
7393,698
7396,6702
7397,4439
7402,6453
7404,5553
7415,2805
7415,6669
7416,7303
7419,3218
7424,9099
7428,647
7433,392
7437,6238
7440,5935
7443,6991
7451,9380
7453,3432
7454,9694
7458,7703
7463,2580
7464,1081
7465,7953
7468,208
7468,5368
7470,2808
7474,7573
7475,1740
7476,638
7477,2163
7480,863
7484,8764
7489,3252
7491,9617
7492,6751
7493,8930
7502,4422
7514,440
7516,8313
7518,1836
7520,1561
7526,422
7526,9653
7532,5384
7534,4693
7536,8638
7538,5282
7542,6179
7543,1194
7553,2337
7554,8178
7559,1844
7560,9460
7561,774
7561,6882
7562,6516
7569,2666
7573,7474
7578,6510
7580,1940
7582,2025
7583,7104
7588,9727
7596,3922
7608,1481
7611,6165
7618,8778
7619,6019
7620,8896
7621,3944
7623,2329
7629,4085
7629,7028
7645,2583
7648,8931
7656,4066
7656,6563
7657,458
7662,6305
7673,7759
7674,1538
7676,5416
7678,9066
7679,2435
7682,1686
7685,2504
7688,5966
7691,4298
7691,8455
7693,4045
7694,8329
7695,4904
7697,1976
7701,1591
7703,7458
7703,7951
7706,6853
7713,8650
7715,9094
7719,408
7720,621
7720,6644
7726,178
7726,2909
7736,3403
7744,5886
7748,8267
7757,5004
7758,6113
7759,7673
7761,4391
7765,1928
7768,8699
7769,1152
7773,6196
7776,7353
7778,6098
7782,9487
7784,3463
7786,859
7787,6766
7797,8068
7798,1547
7798,9073
7801,1958
7801,7991
7802,5109
7813,6554
7822,2686
7826,5643
7835,1106
7835,5854
7836,4430
7843,4769
7843,5940
7844,6528
7850,8812
7851,4103
7851,4310
7852,8068
7853,5994
7854,1165
7856,5643
7857,2982
7859,3608
7860,8441
7865,313
7869,4953
7869,5620
7879,659
7880,2971
7900,3690
7904,4765
7907,2460
7911,4150
7913,3840
7913,9752
7918,8087
7922,4693
7924,3534
7931,6796
7932,6583
7934,3011
7938,795
7938,3406
7947,9537
7949,9145
7951,7703
7953,7465
7955,123
7956,3133
7961,2949
7961,3117
7970,8051
7975,9910
7976,7980
7977,2704
7980,7976
7980,9984
7981,9855
7989,447
7990,4002
7991,7801
7991,9525
7996,2225
7997,3132
7997,4716
7998,6426
8004,1260
8004,4888
8005,8823
8006,3945
8014,1543
8014,8863
8024,6186
8027,5479
8028,3279
8035,707
8038,8187
8041,2044
8042,3988
8044,907
8051,7970
8052,3134
8052,3475
8053,1689
8053,8177
8055,1370
8059,8851
8061,4598
8067,1045
8068,7797
8068,7852
8070,303
8070,5272
8077,4651
8081,8320
8084,4972
8086,881
8087,3151
8087,7918
8090,928
8093,6477
8093,9739
8101,2826
8103,8753
8121,2819
8123,931
8127,3235
8128,5279
8131,7027
8134,3190
8138,3457
8138,9288
8148,7087
8149,2843
8149,3297
8156,4860
8157,5969
8158,6497
8158,9677
8159,7138
8161,4456
8163,3072
8164,151
8167,883
8174,8552
8177,8053
8178,7554
8187,2325
8187,8038
8192,9462
8205,9589
8207,9566
8208,5858
8209,5551
8211,3476
8216,694
8217,2113
8221,567
8223,3861
8223,9053
8225,413
8225,2252
8229,2932
8232,2415
8236,5498
8236,9070
8239,2662
8247,5650
8248,2062
8250,2396
8253,9140
8254,9781
8255,394
8256,8552
8263,1729
8267,7748
8274,1934
8276,2021
8278,8766
8288,3312
8291,5233
8293,1778
8293,4922
8310,5035
8311,9718
8313,6747
8313,7516
8314,1942
8318,2595
8320,8081
8328,4874
8329,7694
8331,3204
8337,4848
8339,2258
8342,5016
8343,6226
8347,7163
8348,5153
8355,6077
8360,4192
8366,458
8375,4942
8384,5823
8385,5219
8388,5918
8391,9791
8395,5868
8396,5538
8398,2750
8400,3101
8402,3148
8403,1038
8410,107
8410,9757
8411,5285
8413,5077
8416,1379
8426,1430
8432,4853
8432,9248
8433,2995
8434,6237
8436,5938
8438,1498
8439,4209
8441,7860
8446,3922
8448,4371
8449,5072
8451,7383
8455,3045
8455,7691
8457,1666
8462,7138
8471,9368
8472,3874
8481,2166
8485,8514
8488,5696
8490,953
8490,2146
8494,2658
8495,6748
8499,2461
8502,1023
8504,2898
8509,8711
8514,8485
8521,8825
8523,1857
8525,4638
8535,5714
8538,744
8538,1982
8541,3879
8546,7210
8548,4877
8549,1934
8551,2620
8551,5315
8552,8174
8552,8256
8552,9021
8554,1665
8558,715
8561,3412
8564,2500
8567,1299
8569,4010
8570,4649
8572,4050
8575,8828
8577,4549
8577,6235
8579,6938
8584,1229
8587,7235
8588,4855
8589,2089
8590,680
8591,2848
8594,7285
8601,5161
8603,2477
8614,829
8620,3805
8625,8867
8629,2970
8632,8866
8633,47
8638,7536
8640,225
8640,5063
8644,3732
8644,9784
8650,7713
8662,1295
8666,3483
8667,7390
8668,8783
8684,4044
8684,4854
8685,3445
8686,5412
8688,6687
8689,3510
8691,4839
8694,7345
8696,9572
8697,1680
8699,7768
8701,9444
8703,3210
8703,4631
8704,9328
8711,1767
8711,4687
8711,8509
8716,5325
8730,4356
8732,5123
8732,5502
8733,7389
8742,3680
8745,3406
8749,5616
8753,8103
8753,9982
8756,1476
8764,7484
8765,4611
8766,8278
8768,1913
8771,6345
8778,7618
8779,6856
8782,7392
8783,8668
8785,310
8786,2482
8790,4620
8802,3300
8803,37
8812,6557
8812,7850
8812,9444
8819,4539
8820,2790
8823,8005
8825,8521
8828,8575
8835,1878
8843,5857
8851,8059
8852,5446
8858,4461
8859,5426
8863,2218
8863,8014
8864,3958
8866,8632
8867,1107
8867,8625
8884,4264
8893,1030
8896,3353
8896,7620
8898,541
8918,9908
8925,5135
8930,6759
8930,7493
8931,7648
8935,3755
8935,9191
8944,9191
8960,2295
8962,6820
8967,1350
8973,4401
8982,4934
8987,278
8991,4479
8995,7309
8999,4260
9000,9094
9001,4345
9004,1644
9005,3465
9009,733
9011,6741
9015,3115
9016,9297
9018,5276
9021,8552
9026,2796
9029,2394
9032,1637
9033,878
9033,3263
9041,4169
9042,3042
9047,1728
9049,9270
9050,5743
9053,5083
9053,8223
9054,976
9056,2223
9057,9334
9065,4803
9066,7678
9067,6695
9069,1823
9069,2183
9070,8236
9073,139
9073,7798
9080,6748
9083,7160
9089,4265
9090,5254
9092,1146
9092,3972
9093,6104
9094,6147
9094,7715
9094,9000
9099,4129
9099,4374
9099,7424
9102,4224
9103,1710
9105,564
9112,9530
9114,5737
9117,5531
9126,2940
9132,7166
9138,4762
9140,6201
9140,8253
9143,618
9145,7949
9148,6072
9153,9509
9156,4195
9164,6404
9165,1312
9167,9888
9168,9234
9169,4790
9171,5890
9182,3391
9183,6038
9184,1052
9186,664
9189,5734
9191,5039
9191,8935
9191,8944
9200,4601
9200,5447
9204,3959
9204,5399
9204,5519
9208,5582
9210,2522
9213,108
9215,642
9215,7102
9222,5594
9234,3172
9234,9168
9236,7193
9246,5572
9248,8432
9251,4299
9253,4214
9257,6852
9261,859
9262,7245
9263,6409
9267,2296
9270,4521
9270,9049
9278,4186
9279,2832
9284,7150
9288,4016
9288,8138
9293,3363
9296,4695
9297,9016
9301,2879
9306,7324
9311,638
9313,5844
9316,580
9319,1712
9320,641
9323,5243
9325,2371
9328,8704
9330,1381
9334,9057
9338,475
9341,3386
9349,5820
9351,1762
9362,3099
9364,25
9364,1653
9364,9858
9367,2118
9368,66
9368,4235
9368,8471
9372,2233
9380,7451
9402,3100
9414,2835
9419,4284
9420,6703
9424,6441
9425,4807
9444,8701
9444,8812
9446,3746
9460,7560
9462,5699
9462,8192
9463,4378
9467,1686
9468,792
9470,1615
9472,6348
9474,5040
9474,5712
9475,9978
9479,4458
9481,5613
9485,4845
9487,7782
9490,2714
9495,6784
9498,505
9504,3958
9507,4387
9509,9153
9514,615
9518,2584
9522,4252
9525,7991
9526,779
9527,934
9530,9112
9531,2596
9532,4204
9532,9681
9537,7947
9540,981
9547,2106
9549,9840
9556,3468
9558,1665
9562,110
9566,265
9566,8207
9572,8696
9574,3724
9577,645
9586,3768
9586,5127
9588,2699
9589,8205
9591,9851
9599,510
9599,1566
9603,1635
9604,1958
9611,5008
9616,5128
9617,7491
9624,1334
9624,5000
9624,9742
9627,2063
9628,1801
9634,3419
9638,3135
9653,7526
9663,3385
9663,3844
9675,6218
9677,156
9677,8158
9681,9532
9684,4282
9686,5655
9687,2659
9691,831
9692,6943
9694,7454
9696,2059
9697,2463
9707,4246
9710,6593
9712,7245
9715,3472
9716,5238
9718,773
9718,8311
9721,2625
9723,3105
9727,7588
9731,1072
9739,8093
9742,711
9742,9624
9743,3358
9746,6997
9747,2868
9750,2599
9750,3607
9752,1152
9752,7913
9757,8410
9759,4765
9761,3852
9781,2999
9781,8254
9784,8644
9791,8391
9794,6148
9795,1779
9796,2696
9796,2860
9798,2171
9811,2147
9814,7166
9815,1589
9821,1400
9824,3747
9835,3422
9835,9884
9840,9549
9841,6430
9848,5355
9849,5943
9851,2936
9851,9591
9855,7981
9856,6980
9858,9364
9866,3927
9866,4275
9871,4860
9871,6198
9872,4918
9877,5046
9878,2754
9878,6662
9884,9835
9888,1334
9888,5447
9888,9167
9892,6305
9895,7308
9899,5159
9900,6286
9904,1726
9905,5199
9906,78
9908,2314
9908,8918
9909,5796
9910,7975
9912,528
9912,1510
9919,72
9919,5143
9921,4354
9927,3199
9927,6313
9932,785
9933,4552
9933,7017
9939,1042
9940,4311
9941,5558
9943,568
9943,691
9943,4470
9947,3001
9959,2291
9970,1283
9976,745
9977,1347
9978,9475
9982,8753
9983,5474
9984,7980
9996,6763
